(kicad_pcb (version 20171130) (host pcbnew "(6.0.0-rc1-dev-1027-g90233e5ec)")

  (general
    (thickness 1.6)
    (drawings 182)
    (tracks 77)
    (zones 0)
    (modules 46)
    (nets 32)
  )

  (page A4)
  (layers
    (0 Top signal)
    (31 Bottom signal)
    (32 B.Adhes user)
    (33 F.Adhes user)
    (34 B.Paste user)
    (35 F.Paste user)
    (36 B.SilkS user)
    (37 F.SilkS user)
    (38 B.Mask user)
    (39 F.Mask user)
    (40 Dwgs.User user hide)
    (41 Cmts.User user)
    (42 Eco1.User user)
    (43 Eco2.User user)
    (44 Edge.Cuts user)
    (45 Margin user)
    (46 B.CrtYd user hide)
    (47 F.CrtYd user hide)
    (48 B.Fab user)
    (49 F.Fab user hide)
  )

  (setup
    (last_trace_width 0.25)
    (trace_clearance 0.2)
    (zone_clearance 0.508)
    (zone_45_only yes)
    (trace_min 0.2)
    (via_size 0.8)
    (via_drill 0.4)
    (via_min_size 0.4)
    (via_min_drill 0.3)
    (uvia_size 0.3)
    (uvia_drill 0.1)
    (uvias_allowed no)
    (uvia_min_size 0.2)
    (uvia_min_drill 0.1)
    (edge_width 0.05)
    (segment_width 0.2)
    (pcb_text_width 0.3)
    (pcb_text_size 1.5 1.5)
    (mod_edge_width 0.12)
    (mod_text_size 1 1)
    (mod_text_width 0.15)
    (pad_size 3.5 2)
    (pad_drill 2)
    (pad_to_mask_clearance 0.051)
    (solder_mask_min_width 0.25)
    (aux_axis_origin 0 0)
    (visible_elements 7FFFFFFF)
    (pcbplotparams
      (layerselection 0x010fc_ffffffff)
      (usegerberextensions false)
      (usegerberattributes false)
      (usegerberadvancedattributes false)
      (creategerberjobfile false)
      (excludeedgelayer true)
      (linewidth 0.100000)
      (plotframeref false)
      (viasonmask false)
      (mode 1)
      (useauxorigin false)
      (hpglpennumber 1)
      (hpglpenspeed 20)
      (hpglpendiameter 15.000000)
      (psnegative false)
      (psa4output false)
      (plotreference true)
      (plotvalue false)
      (plotinvisibletext false)
      (padsonsilk false)
      (subtractmaskfromsilk false)
      (outputformat 1)
      (mirror false)
      (drillshape 0)
      (scaleselection 1)
      (outputdirectory "Gerber/REV2/"))
  )

  (net 0 "")
  (net 1 GND)
  (net 2 3.3V)
  (net 3 VBAT)
  (net 4 VBUS)
  (net 5 /SWDIO)
  (net 6 /SWCLK)
  (net 7 /RESET)
  (net 8 /SWO)
  (net 9 /RXD)
  (net 10 /P0.07)
  (net 11 /TXD)
  (net 12 "Net-(C2-Pad1)")
  (net 13 "Net-(C1-Pad1)")
  (net 14 "Net-(L2-Pad2)")
  (net 15 "Net-(C4-Pad1)")
  (net 16 /A7/P0.31)
  (net 17 "Net-(R8-Pad1)")
  (net 18 "Net-(R3-Pad2)")
  (net 19 "Net-(R5-Pad1)")
  (net 20 /DTR)
  (net 21 "Net-(R9-Pad1)")
  (net 22 "Net-(C7-Pad1)")
  (net 23 /A0)
  (net 24 "Net-(CHG1-PadC)")
  (net 25 /A1)
  (net 26 /A2)
  (net 27 /VBB)
  (net 28 "Net-(C9-Pad1)")
  (net 29 "Net-(C11-Pad1)")
  (net 30 USBD+)
  (net 31 USBD-)

  (net_class Default "This is the default net class."
    (clearance 0.2)
    (trace_width 0.25)
    (via_dia 0.8)
    (via_drill 0.4)
    (uvia_dia 0.3)
    (uvia_drill 0.1)
    (add_net /A0)
    (add_net /A1)
    (add_net /A2)
    (add_net /A7/P0.31)
    (add_net /DTR)
    (add_net /P0.07)
    (add_net /RESET)
    (add_net /RXD)
    (add_net /SWCLK)
    (add_net /SWDIO)
    (add_net /SWO)
    (add_net /TXD)
    (add_net /VBB)
    (add_net 3.3V)
    (add_net GND)
    (add_net "Net-(C1-Pad1)")
    (add_net "Net-(C11-Pad1)")
    (add_net "Net-(C2-Pad1)")
    (add_net "Net-(C4-Pad1)")
    (add_net "Net-(C7-Pad1)")
    (add_net "Net-(C9-Pad1)")
    (add_net "Net-(CHG1-PadC)")
    (add_net "Net-(L2-Pad2)")
    (add_net "Net-(R3-Pad2)")
    (add_net "Net-(R5-Pad1)")
    (add_net "Net-(R8-Pad1)")
    (add_net "Net-(R9-Pad1)")
    (add_net USBD+)
    (add_net USBD-)
    (add_net VBAT)
    (add_net VBUS)
  )

  (module eBoard_remote_control:JSTPH2 (layer Top) (tedit 0) (tstamp 5CC0871F)
    (at 183.15 112)
    (descr "2-Pin JST PH Series Right-Angle Connector (+/- for batteries)")
    (path /5CD5CAD6)
    (fp_text reference X1 (at 0 0 -180) (layer F.SilkS) hide
      (effects (font (size 0.77216 0.77216) (thickness 0.138988)) (justify right top))
    )
    (fp_text value JSTPH (at 0 0 -180) (layer F.SilkS) hide
      (effects (font (size 0.77216 0.77216) (thickness 0.077216)) (justify right top))
    )
    (fp_text user >Value (at -2.2225 -1.27) (layer F.Fab)
      (effects (font (size 0.38608 0.38608) (thickness 0.04064)) (justify left bottom))
    )
    (fp_text user >Name (at -2.2225 -1.9685) (layer F.SilkS)
      (effects (font (size 0.77216 0.77216) (thickness 0.146304)) (justify left bottom))
    )
    (fp_line (start -4 4.5) (end -4 0.5) (layer F.SilkS) (width 0.2032))
    (fp_line (start -3.15 4.5) (end -4 4.5) (layer F.SilkS) (width 0.2032))
    (fp_line (start -3.15 2) (end -3.15 4.5) (layer F.SilkS) (width 0.2032))
    (fp_line (start -1.75 2) (end -3.15 2) (layer F.SilkS) (width 0.2032))
    (fp_line (start 3.15 2) (end 1.75 2) (layer F.SilkS) (width 0.2032))
    (fp_line (start 3.15 4.5) (end 3.15 2) (layer F.SilkS) (width 0.2032))
    (fp_line (start 4 4.5) (end 3.15 4.5) (layer F.SilkS) (width 0.2032))
    (fp_line (start 4 0.5) (end 4 4.5) (layer F.SilkS) (width 0.2032))
    (fp_line (start -2.25 -3) (end 2.25 -3) (layer F.SilkS) (width 0.2032))
    (fp_line (start 3.2 4.5) (end 3.2 2) (layer F.Fab) (width 0.2032))
    (fp_line (start 4 4.5) (end 3.2 4.5) (layer F.Fab) (width 0.2032))
    (fp_line (start -3.2 4.5) (end -4 4.5) (layer F.Fab) (width 0.2032))
    (fp_line (start -3.2 2) (end -3.2 4.5) (layer F.Fab) (width 0.2032))
    (fp_line (start 3.2 2) (end -3.2 2) (layer F.Fab) (width 0.2032))
    (fp_line (start -4 4.5) (end -4 -3) (layer F.Fab) (width 0.2032))
    (fp_line (start 4 -3) (end 4 4.5) (layer F.Fab) (width 0.2032))
    (fp_line (start -4 -3) (end 4 -3) (layer F.Fab) (width 0.2032))
    (pad NC2 smd rect (at 3.4 -1.5 90) (size 3.4 1.6) (layers Top F.Paste F.Mask)
      (solder_mask_margin 0.0508))
    (pad NC1 smd rect (at -3.4 -1.5 90) (size 3.4 1.6) (layers Top F.Paste F.Mask)
      (solder_mask_margin 0.0508))
    (pad 2 smd rect (at 1 3.7) (size 1 4.6) (layers Top F.Paste F.Mask)
      (net 3 VBAT) (solder_mask_margin 0.0508))
    (pad 1 smd rect (at -1 3.7) (size 1 4.6) (layers Top F.Paste F.Mask)
      (net 1 GND) (solder_mask_margin 0.0508))
    (model ${KIPRJMOD}/KiCad-SSD1306_OLED-0.91-128x32-master/S2B-PH-SM4-TB.step
      (offset (xyz 0 2.5 0))
      (scale (xyz 1 1 1))
      (rotate (xyz 90 180 0))
    )
  )

  (module eBoard_remote_control:105450-0101 (layer Top) (tedit 5CBF53E5) (tstamp 5CBFFC6B)
    (at 184.7 137.375 270)
    (path /5CC48FA5)
    (fp_text reference J2 (at -2.9 0.3 270) (layer F.SilkS)
      (effects (font (size 1 1) (thickness 0.15)))
    )
    (fp_text value 105450-0101 (at 2.55 5.225 270) (layer F.SilkS)
      (effects (font (size 1 1) (thickness 0.15)))
    )
    (fp_circle (center -2.2324 -0.834001) (end -1.8514 -0.834001) (layer B.SilkS) (width 0.1524))
    (fp_circle (center 0.25 -2.739001) (end 0.631 -2.739001) (layer F.Fab) (width 0.1524))
    (fp_line (start 6.7739 6.519999) (end 6.7739 5.011999) (layer Dwgs.User) (width 0.1524))
    (fp_line (start 7.8661 6.519999) (end 6.7739 6.519999) (layer Dwgs.User) (width 0.1524))
    (fp_line (start 7.8661 5.011999) (end 7.8661 6.519999) (layer Dwgs.User) (width 0.1524))
    (fp_line (start 6.7739 5.011999) (end 7.8661 5.011999) (layer Dwgs.User) (width 0.1524))
    (fp_line (start 6.7739 6.519999) (end 6.7739 5.011999) (layer Dwgs.User) (width 0.1524))
    (fp_line (start 7.8661 6.519999) (end 6.7739 6.519999) (layer Dwgs.User) (width 0.1524))
    (fp_line (start 7.8661 5.011999) (end 7.8661 6.519999) (layer Dwgs.User) (width 0.1524))
    (fp_line (start 6.7739 5.011999) (end 7.8661 5.011999) (layer Dwgs.User) (width 0.1524))
    (fp_line (start -1.866101 6.519999) (end -1.866101 5.011999) (layer Dwgs.User) (width 0.1524))
    (fp_line (start -0.773901 6.519999) (end -1.866101 6.519999) (layer Dwgs.User) (width 0.1524))
    (fp_line (start -0.773901 5.011999) (end -0.773901 6.519999) (layer Dwgs.User) (width 0.1524))
    (fp_line (start -1.866101 5.011999) (end -0.773901 5.011999) (layer Dwgs.User) (width 0.1524))
    (fp_line (start -1.866101 0.950999) (end -1.87 -0.057001) (layer Dwgs.User) (width 0.1524))
    (fp_line (start -0.773901 0.950999) (end -1.866101 0.950999) (layer Dwgs.User) (width 0.1524))
    (fp_line (start -0.773901 -0.057001) (end -0.773901 0.950999) (layer Dwgs.User) (width 0.1524))
    (fp_line (start -1.87 -0.057001) (end -0.773901 -0.057001) (layer Dwgs.User) (width 0.1524))
    (fp_line (start -1.866101 0.950999) (end -1.87 -0.057001) (layer Dwgs.User) (width 0.1524))
    (fp_line (start -0.773901 0.950999) (end -1.866101 0.950999) (layer Dwgs.User) (width 0.1524))
    (fp_line (start -0.773901 -0.057001) (end -0.773901 0.950999) (layer Dwgs.User) (width 0.1524))
    (fp_line (start -1.87 -0.057001) (end -0.773901 -0.057001) (layer Dwgs.User) (width 0.1524))
    (fp_line (start 6.7739 6.519999) (end 6.7739 5.011999) (layer Dwgs.User) (width 0.1524))
    (fp_line (start 7.8661 6.519999) (end 6.7739 6.519999) (layer Dwgs.User) (width 0.1524))
    (fp_line (start 7.8661 5.011999) (end 7.8661 6.519999) (layer Dwgs.User) (width 0.1524))
    (fp_line (start 6.7739 5.011999) (end 7.8661 5.011999) (layer Dwgs.User) (width 0.1524))
    (fp_line (start -1.866101 0.950999) (end -1.87 -0.057001) (layer Dwgs.User) (width 0.1524))
    (fp_line (start -0.773901 0.950999) (end -1.866101 0.950999) (layer Dwgs.User) (width 0.1524))
    (fp_line (start -0.773901 -0.057001) (end -0.773901 0.950999) (layer Dwgs.User) (width 0.1524))
    (fp_line (start -1.87 -0.057001) (end -0.773901 -0.057001) (layer Dwgs.User) (width 0.1524))
    (fp_line (start 6.7739 0.950999) (end 6.7739 -0.057001) (layer Dwgs.User) (width 0.1524))
    (fp_line (start 7.8661 0.950999) (end 6.7739 0.950999) (layer Dwgs.User) (width 0.1524))
    (fp_line (start 7.8661 -0.057001) (end 7.8661 0.950999) (layer Dwgs.User) (width 0.1524))
    (fp_line (start 6.7739 -0.057001) (end 7.8661 -0.057001) (layer Dwgs.User) (width 0.1524))
    (fp_line (start -1.866101 0.950999) (end -1.866101 -0.057001) (layer Dwgs.User) (width 0.1524))
    (fp_line (start -0.773901 0.950999) (end -1.866101 0.950999) (layer Dwgs.User) (width 0.1524))
    (fp_line (start -0.773901 -0.057001) (end -0.773901 0.950999) (layer Dwgs.User) (width 0.1524))
    (fp_line (start -1.866101 -0.057001) (end -0.773901 -0.057001) (layer Dwgs.User) (width 0.1524))
    (fp_line (start -1.866101 6.519999) (end -1.866101 5.011999) (layer Dwgs.User) (width 0.1524))
    (fp_line (start -0.773901 6.519999) (end -1.866101 6.519999) (layer Dwgs.User) (width 0.1524))
    (fp_line (start -0.773901 5.011999) (end -0.773901 6.519999) (layer Dwgs.User) (width 0.1524))
    (fp_line (start -1.866101 5.011999) (end -0.773901 5.011999) (layer Dwgs.User) (width 0.1524))
    (fp_line (start -1.866101 6.519999) (end -1.866101 5.011999) (layer Dwgs.User) (width 0.1524))
    (fp_line (start -0.773901 6.519999) (end -1.866101 6.519999) (layer Dwgs.User) (width 0.1524))
    (fp_line (start -0.773901 5.011999) (end -0.773901 6.519999) (layer Dwgs.User) (width 0.1524))
    (fp_line (start -1.866101 5.011999) (end -0.773901 5.011999) (layer Dwgs.User) (width 0.1524))
    (fp_line (start -1.866101 6.519999) (end -1.866101 5.011999) (layer Dwgs.User) (width 0.1524))
    (fp_line (start -0.773901 6.519999) (end -1.866101 6.519999) (layer Dwgs.User) (width 0.1524))
    (fp_line (start -0.773901 5.011999) (end -0.773901 6.519999) (layer Dwgs.User) (width 0.1524))
    (fp_line (start -1.866101 5.011999) (end -0.773901 5.011999) (layer Dwgs.User) (width 0.1524))
    (fp_line (start 6.7739 6.519999) (end 6.7739 5.011999) (layer Dwgs.User) (width 0.1524))
    (fp_line (start 7.8661 6.519999) (end 6.7739 6.519999) (layer Dwgs.User) (width 0.1524))
    (fp_line (start 7.8661 5.011999) (end 7.8661 6.519999) (layer Dwgs.User) (width 0.1524))
    (fp_line (start 6.7739 5.011999) (end 7.8661 5.011999) (layer Dwgs.User) (width 0.1524))
    (fp_line (start 6.7739 0.950999) (end 6.7739 -0.057001) (layer Dwgs.User) (width 0.1524))
    (fp_line (start 7.8661 0.950999) (end 6.7739 0.950999) (layer Dwgs.User) (width 0.1524))
    (fp_line (start 7.8661 -0.057001) (end 7.8661 0.950999) (layer Dwgs.User) (width 0.1524))
    (fp_line (start 6.7739 -0.057001) (end 7.8661 -0.057001) (layer Dwgs.User) (width 0.1524))
    (fp_line (start 6.7739 0.950999) (end 6.7739 -0.057001) (layer Dwgs.User) (width 0.1524))
    (fp_line (start 7.8661 0.950999) (end 6.7739 0.950999) (layer Dwgs.User) (width 0.1524))
    (fp_line (start 7.8661 -0.057001) (end 7.8661 0.950999) (layer Dwgs.User) (width 0.1524))
    (fp_line (start 6.7739 -0.057001) (end 7.8661 -0.057001) (layer Dwgs.User) (width 0.1524))
    (fp_line (start 7.4704 -0.184001) (end -1.4704 -0.184001) (layer F.CrtYd) (width 0.1524))
    (fp_line (start 7.4704 7.715399) (end 7.4704 -0.184001) (layer F.CrtYd) (width 0.1524))
    (fp_line (start -1.4704 7.715399) (end 7.4704 7.715399) (layer F.CrtYd) (width 0.1524))
    (fp_line (start -1.4704 -0.184001) (end -1.4704 7.715399) (layer F.CrtYd) (width 0.1524))
    (fp_line (start 7.7244 -0.438001) (end -1.7244 -0.438001) (layer F.CrtYd) (width 0.1524))
    (fp_line (start 7.7244 7.969399) (end 7.7244 -0.438001) (layer F.CrtYd) (width 0.1524))
    (fp_line (start -1.7244 7.969399) (end 7.7244 7.969399) (layer F.CrtYd) (width 0.1524))
    (fp_line (start -1.7244 -0.438001) (end -1.7244 7.969399) (layer F.CrtYd) (width 0.1524))
    (fp_line (start 6.7739 0.950999) (end 6.7739 -0.057001) (layer Dwgs.User) (width 0.1524))
    (fp_line (start 7.8661 0.950999) (end 6.7739 0.950999) (layer Dwgs.User) (width 0.1524))
    (fp_line (start 7.8661 -0.057001) (end 7.8661 0.950999) (layer Dwgs.User) (width 0.1524))
    (fp_line (start 6.7739 -0.057001) (end 7.8661 -0.057001) (layer Dwgs.User) (width 0.1524))
    (fp_line (start -1.5974 1.784911) (end -1.5974 4.178087) (layer F.SilkS) (width 0.1524))
    (fp_line (start 7.5974 4.178087) (end 7.5974 1.784911) (layer F.SilkS) (width 0.1524))
    (fp_line (start 7.5974 7.842399) (end 7.5974 7.353911) (layer F.SilkS) (width 0.1524))
    (fp_line (start -1.5974 7.842399) (end 7.5974 7.842399) (layer F.SilkS) (width 0.1524))
    (fp_line (start -1.5974 7.353911) (end -1.5974 7.842399) (layer F.SilkS) (width 0.1524))
    (fp_line (start -1.4704 -0.184001) (end -1.4704 7.715399) (layer F.Fab) (width 0.1524))
    (fp_line (start 7.4704 -0.184001) (end -1.4704 -0.184001) (layer F.Fab) (width 0.1524))
    (fp_line (start 7.4704 7.715399) (end 7.4704 -0.184001) (layer F.Fab) (width 0.1524))
    (fp_line (start -1.4704 7.715399) (end 7.4704 7.715399) (layer F.Fab) (width 0.1524))
    (fp_text user * (at 0 0 270) (layer F.Fab)
      (effects (font (size 1 1) (thickness 0.15)))
    )
    (fp_text user * (at 0 0 270) (layer F.SilkS)
      (effects (font (size 1 1) (thickness 0.15)))
    )
    (fp_text user "Copyright 2016 Accelerated Designs. All rights reserved." (at 0 0 270) (layer Cmts.User)
      (effects (font (size 0.127 0.127) (thickness 0.002)))
    )
    (pad 25 thru_hole roundrect (at -1.31 0.42 270) (size 0.9 1.8) (drill oval 0.6096 1.5) (layers *.Cu *.Mask) (roundrect_rratio 0.25))
    (pad B1 smd rect (at 6.099999 1.299997 270) (size 0.9906 0.7112) (layers Top F.Paste F.Mask)
      (net 1 GND))
    (pad A12 smd rect (at 5.999999 0 270) (size 0.3048 0.7112) (layers Top F.Paste F.Mask)
      (net 1 GND))
    (pad B2 smd rect (at 5.25 1.299997 270) (size 0.3048 0.7112) (layers Top F.Paste F.Mask))
    (pad A11 smd rect (at 5.5 0 270) (size 0.3048 0.7112) (layers Top F.Paste F.Mask))
    (pad B3 smd rect (at 4.749999 1.299997 270) (size 0.3048 0.7112) (layers Top F.Paste F.Mask))
    (pad A10 smd rect (at 4.999999 0 270) (size 0.3048 0.7112) (layers Top F.Paste F.Mask))
    (pad B4 smd rect (at 4.25 1.299997 270) (size 0.3048 0.7112) (layers Top F.Paste F.Mask)
      (net 4 VBUS))
    (pad A9 smd rect (at 4.5 0 270) (size 0.3048 0.7112) (layers Top F.Paste F.Mask)
      (net 4 VBUS))
    (pad B5 smd rect (at 3.750001 1.299997 270) (size 0.3048 0.7112) (layers Top F.Paste F.Mask))
    (pad A8 smd rect (at 4.000001 0 270) (size 0.3048 0.7112) (layers Top F.Paste F.Mask))
    (pad B6 smd rect (at 3.249999 1.299997 270) (size 0.3048 0.7112) (layers Top F.Paste F.Mask)
      (net 30 USBD+))
    (pad A7 smd rect (at 3.499999 0 270) (size 0.3048 0.7112) (layers Top F.Paste F.Mask)
      (net 31 USBD-))
    (pad B7 smd rect (at 2.75 1.299997 270) (size 0.3048 0.7112) (layers Top F.Paste F.Mask)
      (net 31 USBD-))
    (pad A6 smd rect (at 2.5 0 270) (size 0.3048 0.7112) (layers Top F.Paste F.Mask)
      (net 30 USBD+))
    (pad B8 smd rect (at 2.249999 1.299997 270) (size 0.3048 0.7112) (layers Top F.Paste F.Mask))
    (pad A5 smd rect (at 1.999999 0 270) (size 0.3048 0.7112) (layers Top F.Paste F.Mask))
    (pad B9 smd rect (at 1.75 1.299997 270) (size 0.3048 0.7112) (layers Top F.Paste F.Mask)
      (net 4 VBUS))
    (pad A4 smd rect (at 1.5 0 270) (size 0.3048 0.7112) (layers Top F.Paste F.Mask)
      (net 4 VBUS))
    (pad B10 smd rect (at 1.250001 1.299997 270) (size 0.3048 0.7112) (layers Top F.Paste F.Mask))
    (pad A3 smd rect (at 1.000001 0 270) (size 0.3048 0.7112) (layers Top F.Paste F.Mask))
    (pad B11 smd rect (at 0.749999 1.299997 270) (size 0.3048 0.7112) (layers Top F.Paste F.Mask))
    (pad A2 smd rect (at 0.499999 0 270) (size 0.3048 0.7112) (layers Top F.Paste F.Mask))
    (pad B12 smd rect (at -0.1 1.299997 270) (size 0.9906 0.7112) (layers Top F.Paste F.Mask)
      (net 1 GND))
    (pad A1 smd rect (at 0 0 270) (size 0.3048 0.7112) (layers Top F.Paste F.Mask)
      (net 1 GND))
    (pad 25 thru_hole roundrect (at -1.25 5.76 270) (size 1.5 2.6) (drill oval 1 2) (layers *.Cu *.Mask) (roundrect_rratio 0.25))
    (pad 25 thru_hole roundrect (at 7.25 5.74 270) (size 1.5 2.6) (drill oval 1 2) (layers *.Cu *.Mask) (roundrect_rratio 0.25))
    (pad 25 thru_hole roundrect (at 7.3 0.46 270) (size 0.9 1.8) (drill oval 0.6096 1.5) (layers *.Cu *.Mask) (roundrect_rratio 0.25))
    (model ${KIPRJMOD}/KiCad-SSD1306_OLED-0.91-128x32-master/1054500101.stp
      (offset (xyz 3 -3 1.65))
      (scale (xyz 1 1 1))
      (rotate (xyz 0 0 -180))
    )
  )

  (module eBoard_remote_control:C0603 (layer Top) (tedit 0) (tstamp 5CBFEA15)
    (at 182.95 69.875 90)
    (descr <b>CAPACITOR</b>)
    (path /5CC3F84D)
    (fp_text reference C13 (at -0.905 -0.635 90) (layer F.SilkS)
      (effects (font (size 0.95 0.95) (thickness 0.076)) (justify left bottom))
    )
    (fp_text value 100n (at 0 0 90) (layer F.SilkS) hide
      (effects (font (size 1.27 1.27) (thickness 0.15)))
    )
    (fp_poly (pts (xy -0.1999 0.3) (xy 0.1999 0.3) (xy 0.1999 -0.3) (xy -0.1999 -0.3)) (layer F.Adhes) (width 0))
    (fp_poly (pts (xy 0.3302 0.4699) (xy 0.8303 0.4699) (xy 0.8303 -0.4801) (xy 0.3302 -0.4801)) (layer F.Fab) (width 0))
    (fp_poly (pts (xy -0.8382 0.4699) (xy -0.3381 0.4699) (xy -0.3381 -0.4801) (xy -0.8382 -0.4801)) (layer F.Fab) (width 0))
    (fp_line (start -0.356 0.419) (end 0.356 0.419) (layer F.Fab) (width 0.1016))
    (fp_line (start -0.356 -0.432) (end 0.356 -0.432) (layer F.Fab) (width 0.1016))
    (fp_line (start -1.473 0.729) (end -1.473 -0.729) (layer Dwgs.User) (width 0.0508))
    (fp_line (start 1.473 0.729) (end -1.473 0.729) (layer Dwgs.User) (width 0.0508))
    (fp_line (start 1.473 -0.729) (end 1.473 0.729) (layer Dwgs.User) (width 0.0508))
    (fp_line (start -1.473 -0.729) (end 1.473 -0.729) (layer Dwgs.User) (width 0.0508))
    (pad 2 smd rect (at 0.85 0 90) (size 1.1 1) (layers Top F.Paste F.Mask)
      (net 1 GND) (solder_mask_margin 0.0508))
    (pad 1 smd rect (at -0.85 0 90) (size 1.1 1) (layers Top F.Paste F.Mask)
      (net 29 "Net-(C11-Pad1)") (solder_mask_margin 0.0508))
  )

  (module eBoard_remote_control:C0603 (layer Top) (tedit 0) (tstamp 5CBFE9EA)
    (at 181.225 70.1 90)
    (descr <b>CAPACITOR</b>)
    (path /5CC3F841)
    (fp_text reference C11 (at -0.905 -0.635 90) (layer F.SilkS)
      (effects (font (size 0.95 0.95) (thickness 0.076)) (justify left bottom))
    )
    (fp_text value 10µF (at 0 0 90) (layer F.SilkS) hide
      (effects (font (size 1.27 1.27) (thickness 0.15)))
    )
    (fp_poly (pts (xy -0.1999 0.3) (xy 0.1999 0.3) (xy 0.1999 -0.3) (xy -0.1999 -0.3)) (layer F.Adhes) (width 0))
    (fp_poly (pts (xy 0.3302 0.4699) (xy 0.8303 0.4699) (xy 0.8303 -0.4801) (xy 0.3302 -0.4801)) (layer F.Fab) (width 0))
    (fp_poly (pts (xy -0.8382 0.4699) (xy -0.3381 0.4699) (xy -0.3381 -0.4801) (xy -0.8382 -0.4801)) (layer F.Fab) (width 0))
    (fp_line (start -0.356 0.419) (end 0.356 0.419) (layer F.Fab) (width 0.1016))
    (fp_line (start -0.356 -0.432) (end 0.356 -0.432) (layer F.Fab) (width 0.1016))
    (fp_line (start -1.473 0.729) (end -1.473 -0.729) (layer Dwgs.User) (width 0.0508))
    (fp_line (start 1.473 0.729) (end -1.473 0.729) (layer Dwgs.User) (width 0.0508))
    (fp_line (start 1.473 -0.729) (end 1.473 0.729) (layer Dwgs.User) (width 0.0508))
    (fp_line (start -1.473 -0.729) (end 1.473 -0.729) (layer Dwgs.User) (width 0.0508))
    (pad 2 smd rect (at 0.85 0 90) (size 1.1 1) (layers Top F.Paste F.Mask)
      (net 1 GND) (solder_mask_margin 0.0508))
    (pad 1 smd rect (at -0.85 0 90) (size 1.1 1) (layers Top F.Paste F.Mask)
      (net 29 "Net-(C11-Pad1)") (solder_mask_margin 0.0508))
  )

  (module eBoard_remote_control:0603-NO (layer Top) (tedit 0) (tstamp 5CBFCF22)
    (at 198.1 149.275 180)
    (path /5CBFBD28)
    (fp_text reference R1 (at 1.778 0.127 180) (layer F.SilkS)
      (effects (font (size 0.77216 0.77216) (thickness 0.138988)) (justify left bottom))
    )
    (fp_text value 1K (at 1.778 0.762 180) (layer F.Fab)
      (effects (font (size 0.38608 0.38608) (thickness 0.038608)) (justify left bottom))
    )
    (fp_line (start 0 -0.4) (end 0 0.4) (layer F.SilkS) (width 0.3048))
    (fp_poly (pts (xy -0.1999 0.3) (xy 0.1999 0.3) (xy 0.1999 -0.3) (xy -0.1999 -0.3)) (layer F.Adhes) (width 0))
    (fp_poly (pts (xy 0.3302 0.4699) (xy 0.8303 0.4699) (xy 0.8303 -0.4801) (xy 0.3302 -0.4801)) (layer F.Fab) (width 0))
    (fp_poly (pts (xy -0.8382 0.4699) (xy -0.3381 0.4699) (xy -0.3381 -0.4801) (xy -0.8382 -0.4801)) (layer F.Fab) (width 0))
    (fp_line (start -0.356 0.419) (end 0.356 0.419) (layer F.Fab) (width 0.1016))
    (fp_line (start -0.356 -0.432) (end 0.356 -0.432) (layer F.Fab) (width 0.1016))
    (fp_line (start -1.473 0.729) (end -1.473 -0.729) (layer Dwgs.User) (width 0.0508))
    (fp_line (start 1.473 0.729) (end -1.473 0.729) (layer Dwgs.User) (width 0.0508))
    (fp_line (start 1.473 -0.729) (end 1.473 0.729) (layer Dwgs.User) (width 0.0508))
    (fp_line (start -1.473 -0.729) (end 1.473 -0.729) (layer Dwgs.User) (width 0.0508))
    (pad 2 smd rect (at 0.85 0 180) (size 1.075 1) (layers Top F.Paste F.Mask)
      (net 20 /DTR) (solder_mask_margin 0.0508))
    (pad 1 smd rect (at -0.85 0 180) (size 1.075 1) (layers Top F.Paste F.Mask)
      (net 1 GND) (solder_mask_margin 0.0508))
  )

  (module eBoard_remote_control:SSD1306_OLED-0.91-128x32 (layer Bottom) (tedit 5CBF27F7) (tstamp 5CBFA32C)
    (at 178.175 85.95 270)
    (path /5CC03FF3)
    (fp_text reference U8 (at -4.79 3.37 270) (layer B.SilkS) hide
      (effects (font (size 1 1) (thickness 0.15)) (justify mirror))
    )
    (fp_text value SSD1306 (at 2.16 3.46 270) (layer B.Fab)
      (effects (font (size 1 1) (thickness 0.15)) (justify mirror))
    )
    (pad 14 smd oval (at 2.35 -0.45 270) (size 4 0.32) (layers Bottom B.Paste B.Mask))
    (pad 13 smd oval (at 2.35 -1.07 270) (size 4 0.32) (layers Bottom B.Paste B.Mask))
    (pad 12 smd oval (at 2.35 -1.69 270) (size 4 0.32) (layers Bottom B.Paste B.Mask))
    (pad 11 smd oval (at 2.35 -2.31 270) (size 4 0.32) (layers Bottom B.Paste B.Mask))
    (pad 10 smd oval (at 2.35 -2.93 270) (size 4 0.32) (layers Bottom B.Paste B.Mask))
    (pad 9 smd oval (at 2.35 -3.55 270) (size 4 0.32) (layers Bottom B.Paste B.Mask))
    (pad 8 smd oval (at 2.35 -4.17 270) (size 4 0.32) (layers Bottom B.Paste B.Mask))
    (pad 7 smd oval (at 2.35 -4.79 270) (size 4 0.32) (layers Bottom B.Paste B.Mask))
    (pad 6 smd oval (at 2.35 -5.41 270) (size 4 0.32) (layers Bottom B.Paste B.Mask))
    (pad 5 smd oval (at 2.35 -6.03 270) (size 4 0.32) (layers Bottom B.Paste B.Mask))
    (pad 4 smd oval (at 2.35 -6.65 270) (size 4 0.32) (layers Bottom B.Paste B.Mask))
    (pad 3 smd oval (at 2.35 -7.27 270) (size 4 0.32) (layers Bottom B.Paste B.Mask))
    (pad 2 smd oval (at 2.35 -7.89 270) (size 4 0.32) (layers Bottom B.Paste B.Mask))
    (pad 1 smd oval (at 2.35 -8.51 270) (size 4 0.32) (layers Bottom B.Paste B.Mask))
    (model "${KIPRJMOD}/KiCad-SSD1306_OLED-0.91-128x32-master/0.91in OLED - Folded Flush - Without Glass.stp"
      (offset (xyz 17.9 -6.65 0.1))
      (scale (xyz 1 1 1))
      (rotate (xyz 0 0 -180))
    )
  )

  (module eBoard_remote_control:0603-NO (layer Top) (tedit 0) (tstamp 5BDE71AA)
    (at 162.78879 114.990235 180)
    (path /34D4A047)
    (fp_text reference R5 (at 0.21844 -1.66624 180) (layer F.SilkS)
      (effects (font (size 0.77216 0.77216) (thickness 0.138988)) (justify left bottom))
    )
    (fp_text value 100K (at 1.778 0.762 180) (layer F.Fab)
      (effects (font (size 0.77216 0.77216) (thickness 0.077216)) (justify left bottom))
    )
    (fp_line (start 0 -0.4) (end 0 0.4) (layer F.SilkS) (width 0.3048))
    (fp_poly (pts (xy -0.1999 0.3) (xy 0.1999 0.3) (xy 0.1999 -0.3) (xy -0.1999 -0.3)) (layer F.Adhes) (width 0))
    (fp_poly (pts (xy 0.3302 0.4699) (xy 0.8303 0.4699) (xy 0.8303 -0.4801) (xy 0.3302 -0.4801)) (layer F.Fab) (width 0))
    (fp_poly (pts (xy -0.8382 0.4699) (xy -0.3381 0.4699) (xy -0.3381 -0.4801) (xy -0.8382 -0.4801)) (layer F.Fab) (width 0))
    (fp_line (start -0.356 0.419) (end 0.356 0.419) (layer F.Fab) (width 0.1016))
    (fp_line (start -0.356 -0.432) (end 0.356 -0.432) (layer F.Fab) (width 0.1016))
    (fp_line (start -1.473 0.729) (end -1.473 -0.729) (layer Dwgs.User) (width 0.0508))
    (fp_line (start 1.473 0.729) (end -1.473 0.729) (layer Dwgs.User) (width 0.0508))
    (fp_line (start 1.473 -0.729) (end 1.473 0.729) (layer Dwgs.User) (width 0.0508))
    (fp_line (start -1.473 -0.729) (end 1.473 -0.729) (layer Dwgs.User) (width 0.0508))
    (pad 2 smd rect (at 0.85 0 180) (size 1.075 1) (layers Top F.Paste F.Mask)
      (net 27 /VBB) (solder_mask_margin 0.0508))
    (pad 1 smd rect (at -0.85 0 180) (size 1.075 1) (layers Top F.Paste F.Mask)
      (net 19 "Net-(R5-Pad1)") (solder_mask_margin 0.0508))
  )

  (module eBoard_remote_control:K9-1267B-L (layer Top) (tedit 5C34F552) (tstamp 5C370CC0)
    (at 196.60616 93.73108 270)
    (path /788C9994)
    (fp_text reference S1 (at -7.62 -3.81 270) (layer F.Fab) hide
      (effects (font (size 0.76 0.76) (thickness 0.064)))
    )
    (fp_text value K9-1267B-L (at 0 -7.62 270) (layer F.Fab) hide
      (effects (font (size 1.27 1.27) (thickness 0.15)))
    )
    (fp_line (start -2.5 -9.9) (end -2.5 -9.25) (layer F.Fab) (width 0.1524))
    (fp_line (start -3.5 -9.9) (end -2.5 -9.9) (layer F.Fab) (width 0.1524))
    (fp_line (start -3.5 -9.25) (end -3.5 -9.9) (layer F.Fab) (width 0.1524))
    (fp_line (start -6.35 -9.25) (end 8.15 -12.7) (layer F.Fab) (width 0.1524))
    (fp_line (start -6.35 -9.25) (end -6.35 -2.7) (layer F.Fab) (width 0.1524))
    (fp_line (start -3.5 -9.25) (end -6.35 -9.25) (layer F.Fab) (width 0.1524))
    (fp_line (start -2.5 -9.25) (end -3.5 -9.25) (layer F.Fab) (width 0.1524))
    (fp_line (start 6.35 -9.25) (end -2.5 -9.25) (layer F.Fab) (width 0.1524))
    (fp_line (start 6.35 -2.7) (end 6.35 -9.25) (layer F.Fab) (width 0.1524))
    (fp_line (start -6.35 -2.7) (end 6.35 -2.7) (layer F.Fab) (width 0.1524))
    (pad P1 thru_hole oval (at 5.08 0) (size 2.616 1.308) (drill 0.8) (layers *.Cu *.Mask)
      (net 1 GND) (solder_mask_margin 0.0508))
    (pad P3 thru_hole oval (at -5.08 0) (size 2.616 1.308) (drill 0.8) (layers *.Cu *.Mask)
      (solder_mask_margin 0.0508))
    (pad P2 thru_hole oval (at 0 0) (size 2.616 1.308) (drill 0.8) (layers *.Cu *.Mask)
      (net 10 /P0.07) (solder_mask_margin 0.0508))
  )

  (module eBoard_remote_control:C0603 (layer Top) (tedit 0) (tstamp 5BD8C567)
    (at 201.459534 114.804926 90)
    (descr <b>CAPACITOR</b>)
    (path /856FC785)
    (fp_text reference C12 (at 2.529926 -0.059534 90) (layer F.SilkS)
      (effects (font (size 0.95 0.95) (thickness 0.076)) (justify left bottom))
    )
    (fp_text value 1nF (at 0 0 90) (layer F.Fab) hide
      (effects (font (size 1.27 1.27) (thickness 0.15)))
    )
    (fp_line (start -1.473 -0.729) (end 1.473 -0.729) (layer Dwgs.User) (width 0.0508))
    (fp_line (start 1.473 -0.729) (end 1.473 0.729) (layer Dwgs.User) (width 0.0508))
    (fp_line (start 1.473 0.729) (end -1.473 0.729) (layer Dwgs.User) (width 0.0508))
    (fp_line (start -1.473 0.729) (end -1.473 -0.729) (layer Dwgs.User) (width 0.0508))
    (fp_line (start -0.356 -0.432) (end 0.356 -0.432) (layer F.Fab) (width 0.1016))
    (fp_line (start -0.356 0.419) (end 0.356 0.419) (layer F.Fab) (width 0.1016))
    (fp_poly (pts (xy -0.8382 0.4699) (xy -0.3381 0.4699) (xy -0.3381 -0.4801) (xy -0.8382 -0.4801)) (layer F.Fab) (width 0))
    (fp_poly (pts (xy 0.3302 0.4699) (xy 0.8303 0.4699) (xy 0.8303 -0.4801) (xy 0.3302 -0.4801)) (layer F.Fab) (width 0))
    (fp_poly (pts (xy -0.1999 0.3) (xy 0.1999 0.3) (xy 0.1999 -0.3) (xy -0.1999 -0.3)) (layer F.Adhes) (width 0))
    (pad 1 smd rect (at -0.85 0 90) (size 1.1 1) (layers Top F.Paste F.Mask)
      (net 16 /A7/P0.31) (solder_mask_margin 0.0508))
    (pad 2 smd rect (at 0.85 0 90) (size 1.1 1) (layers Top F.Paste F.Mask)
      (net 1 GND) (solder_mask_margin 0.0508))
  )

  (module eBoard_remote_control:C0603 (layer Top) (tedit 0) (tstamp 5BDE2CDA)
    (at 190.425 141.4 90)
    (descr <b>CAPACITOR</b>)
    (path /6EEB2871)
    (fp_text reference C10 (at -0.905 -0.635 90) (layer F.SilkS)
      (effects (font (size 0.95 0.95) (thickness 0.076)) (justify left bottom))
    )
    (fp_text value 0.1uF (at 2.184618 2.650137 90) (layer F.Fab) hide
      (effects (font (size 0.5 0.5) (thickness 0.125)))
    )
    (fp_poly (pts (xy -0.1999 0.3) (xy 0.1999 0.3) (xy 0.1999 -0.3) (xy -0.1999 -0.3)) (layer F.Adhes) (width 0))
    (fp_poly (pts (xy 0.3302 0.4699) (xy 0.8303 0.4699) (xy 0.8303 -0.4801) (xy 0.3302 -0.4801)) (layer F.Fab) (width 0))
    (fp_poly (pts (xy -0.8382 0.4699) (xy -0.3381 0.4699) (xy -0.3381 -0.4801) (xy -0.8382 -0.4801)) (layer F.Fab) (width 0))
    (fp_line (start -0.356 0.419) (end 0.356 0.419) (layer F.Fab) (width 0.1016))
    (fp_line (start -0.356 -0.432) (end 0.356 -0.432) (layer F.Fab) (width 0.1016))
    (fp_line (start -1.473 0.729) (end -1.473 -0.729) (layer Dwgs.User) (width 0.0508))
    (fp_line (start 1.473 0.729) (end -1.473 0.729) (layer Dwgs.User) (width 0.0508))
    (fp_line (start 1.473 -0.729) (end 1.473 0.729) (layer Dwgs.User) (width 0.0508))
    (fp_line (start -1.473 -0.729) (end 1.473 -0.729) (layer Dwgs.User) (width 0.0508))
    (pad 2 smd rect (at 0.85 0 90) (size 1.1 1) (layers Top F.Paste F.Mask)
      (net 1 GND) (solder_mask_margin 0.0508))
    (pad 1 smd rect (at -0.85 0 90) (size 1.1 1) (layers Top F.Paste F.Mask)
      (net 2 3.3V) (solder_mask_margin 0.0508))
  )

  (module eBoard_remote_control:C0603 (layer Top) (tedit 0) (tstamp 5BDE720E)
    (at 168.324885 113.082643 270)
    (descr <b>CAPACITOR</b>)
    (path /4085EC5D)
    (fp_text reference C8 (at -2.166568 -0.392265 270) (layer F.SilkS)
      (effects (font (size 0.95 0.95) (thickness 0.076)) (justify left bottom))
    )
    (fp_text value 10µF (at 0 0 270) (layer F.Fab) hide
      (effects (font (size 1.27 1.27) (thickness 0.15)))
    )
    (fp_poly (pts (xy -0.1999 0.3) (xy 0.1999 0.3) (xy 0.1999 -0.3) (xy -0.1999 -0.3)) (layer F.Adhes) (width 0))
    (fp_poly (pts (xy 0.3302 0.4699) (xy 0.8303 0.4699) (xy 0.8303 -0.4801) (xy 0.3302 -0.4801)) (layer F.Fab) (width 0))
    (fp_poly (pts (xy -0.8382 0.4699) (xy -0.3381 0.4699) (xy -0.3381 -0.4801) (xy -0.8382 -0.4801)) (layer F.Fab) (width 0))
    (fp_line (start -0.356 0.419) (end 0.356 0.419) (layer F.Fab) (width 0.1016))
    (fp_line (start -0.356 -0.432) (end 0.356 -0.432) (layer F.Fab) (width 0.1016))
    (fp_line (start -1.473 0.729) (end -1.473 -0.729) (layer Dwgs.User) (width 0.0508))
    (fp_line (start 1.473 0.729) (end -1.473 0.729) (layer Dwgs.User) (width 0.0508))
    (fp_line (start 1.473 -0.729) (end 1.473 0.729) (layer Dwgs.User) (width 0.0508))
    (fp_line (start -1.473 -0.729) (end 1.473 -0.729) (layer Dwgs.User) (width 0.0508))
    (pad 2 smd rect (at 0.85 0 270) (size 1.1 1) (layers Top F.Paste F.Mask)
      (net 1 GND) (solder_mask_margin 0.0508))
    (pad 1 smd rect (at -0.85 0 270) (size 1.1 1) (layers Top F.Paste F.Mask)
      (net 2 3.3V) (solder_mask_margin 0.0508))
  )

  (module eBoard_remote_control:C0603 (layer Top) (tedit 0) (tstamp 5BDE2E46)
    (at 187.075 150.9 180)
    (descr <b>CAPACITOR</b>)
    (path /75092A6A)
    (fp_text reference C7 (at -1.989737 -0.533182 180) (layer F.SilkS)
      (effects (font (size 0.95 0.95) (thickness 0.076)) (justify left bottom))
    )
    (fp_text value 10uf (at -2.599337 -1.041182 180) (layer F.Fab) hide
      (effects (font (size 0.5 0.5) (thickness 0.125)))
    )
    (fp_poly (pts (xy -0.1999 0.3) (xy 0.1999 0.3) (xy 0.1999 -0.3) (xy -0.1999 -0.3)) (layer F.Adhes) (width 0))
    (fp_poly (pts (xy 0.3302 0.4699) (xy 0.8303 0.4699) (xy 0.8303 -0.4801) (xy 0.3302 -0.4801)) (layer F.Fab) (width 0))
    (fp_poly (pts (xy -0.8382 0.4699) (xy -0.3381 0.4699) (xy -0.3381 -0.4801) (xy -0.8382 -0.4801)) (layer F.Fab) (width 0))
    (fp_line (start -0.356 0.419) (end 0.356 0.419) (layer F.Fab) (width 0.1016))
    (fp_line (start -0.356 -0.432) (end 0.356 -0.432) (layer F.Fab) (width 0.1016))
    (fp_line (start -1.473 0.729) (end -1.473 -0.729) (layer Dwgs.User) (width 0.0508))
    (fp_line (start 1.473 0.729) (end -1.473 0.729) (layer Dwgs.User) (width 0.0508))
    (fp_line (start 1.473 -0.729) (end 1.473 0.729) (layer Dwgs.User) (width 0.0508))
    (fp_line (start -1.473 -0.729) (end 1.473 -0.729) (layer Dwgs.User) (width 0.0508))
    (pad 2 smd rect (at 0.85 0 180) (size 1.1 1) (layers Top F.Paste F.Mask)
      (net 1 GND) (solder_mask_margin 0.0508))
    (pad 1 smd rect (at -0.85 0 180) (size 1.1 1) (layers Top F.Paste F.Mask)
      (net 22 "Net-(C7-Pad1)") (solder_mask_margin 0.0508))
  )

  (module eBoard_remote_control:C0603 (layer Top) (tedit 0) (tstamp 5BDE722C)
    (at 162.07251 112.221635 270)
    (descr <b>CAPACITOR</b>)
    (path /6333BD7E)
    (fp_text reference C6 (at -2.39776 -1.18364 270) (layer F.SilkS)
      (effects (font (size 0.95 0.95) (thickness 0.076)) (justify left bottom))
    )
    (fp_text value 10µF (at 0 0 270) (layer F.Fab) hide
      (effects (font (size 1.27 1.27) (thickness 0.15)))
    )
    (fp_poly (pts (xy -0.1999 0.3) (xy 0.1999 0.3) (xy 0.1999 -0.3) (xy -0.1999 -0.3)) (layer F.Adhes) (width 0))
    (fp_poly (pts (xy 0.3302 0.4699) (xy 0.8303 0.4699) (xy 0.8303 -0.4801) (xy 0.3302 -0.4801)) (layer F.Fab) (width 0))
    (fp_poly (pts (xy -0.8382 0.4699) (xy -0.3381 0.4699) (xy -0.3381 -0.4801) (xy -0.8382 -0.4801)) (layer F.Fab) (width 0))
    (fp_line (start -0.356 0.419) (end 0.356 0.419) (layer F.Fab) (width 0.1016))
    (fp_line (start -0.356 -0.432) (end 0.356 -0.432) (layer F.Fab) (width 0.1016))
    (fp_line (start -1.473 0.729) (end -1.473 -0.729) (layer Dwgs.User) (width 0.0508))
    (fp_line (start 1.473 0.729) (end -1.473 0.729) (layer Dwgs.User) (width 0.0508))
    (fp_line (start 1.473 -0.729) (end 1.473 0.729) (layer Dwgs.User) (width 0.0508))
    (fp_line (start -1.473 -0.729) (end 1.473 -0.729) (layer Dwgs.User) (width 0.0508))
    (pad 2 smd rect (at 0.85 0 270) (size 1.1 1) (layers Top F.Paste F.Mask)
      (net 1 GND) (solder_mask_margin 0.0508))
    (pad 1 smd rect (at -0.85 0 270) (size 1.1 1) (layers Top F.Paste F.Mask)
      (net 27 /VBB) (solder_mask_margin 0.0508))
  )

  (module eBoard_remote_control:C0603 (layer Top) (tedit 0) (tstamp 5BDE72B3)
    (at 182.68712 126.11288)
    (descr <b>CAPACITOR</b>)
    (path /CC92E58C)
    (fp_text reference C5 (at -0.905 -0.635) (layer F.SilkS)
      (effects (font (size 0.95 0.95) (thickness 0.076)) (justify left bottom))
    )
    (fp_text value 10µF (at 0 0) (layer F.Fab) hide
      (effects (font (size 1.27 1.27) (thickness 0.15)))
    )
    (fp_poly (pts (xy -0.1999 0.3) (xy 0.1999 0.3) (xy 0.1999 -0.3) (xy -0.1999 -0.3)) (layer F.Adhes) (width 0))
    (fp_poly (pts (xy 0.3302 0.4699) (xy 0.8303 0.4699) (xy 0.8303 -0.4801) (xy 0.3302 -0.4801)) (layer F.Fab) (width 0))
    (fp_poly (pts (xy -0.8382 0.4699) (xy -0.3381 0.4699) (xy -0.3381 -0.4801) (xy -0.8382 -0.4801)) (layer F.Fab) (width 0))
    (fp_line (start -0.356 0.419) (end 0.356 0.419) (layer F.Fab) (width 0.1016))
    (fp_line (start -0.356 -0.432) (end 0.356 -0.432) (layer F.Fab) (width 0.1016))
    (fp_line (start -1.473 0.729) (end -1.473 -0.729) (layer Dwgs.User) (width 0.0508))
    (fp_line (start 1.473 0.729) (end -1.473 0.729) (layer Dwgs.User) (width 0.0508))
    (fp_line (start 1.473 -0.729) (end 1.473 0.729) (layer Dwgs.User) (width 0.0508))
    (fp_line (start -1.473 -0.729) (end 1.473 -0.729) (layer Dwgs.User) (width 0.0508))
    (pad 2 smd rect (at 0.85 0) (size 1.1 1) (layers Top F.Paste F.Mask)
      (net 1 GND) (solder_mask_margin 0.0508))
    (pad 1 smd rect (at -0.85 0) (size 1.1 1) (layers Top F.Paste F.Mask)
      (net 3 VBAT) (solder_mask_margin 0.0508))
  )

  (module eBoard_remote_control:C0603 (layer Top) (tedit 0) (tstamp 5BD2E9AB)
    (at 198.895144 113.864082 180)
    (descr <b>CAPACITOR</b>)
    (path /674C1B16)
    (fp_text reference C4 (at 0.7112 1.016 180) (layer F.SilkS)
      (effects (font (size 0.95 0.95) (thickness 0.076)) (justify left bottom))
    )
    (fp_text value 1uF (at 0 0 180) (layer F.SilkS) hide
      (effects (font (size 1.27 1.27) (thickness 0.15)))
    )
    (fp_line (start -1.473 -0.729) (end 1.473 -0.729) (layer Dwgs.User) (width 0.0508))
    (fp_line (start 1.473 -0.729) (end 1.473 0.729) (layer Dwgs.User) (width 0.0508))
    (fp_line (start 1.473 0.729) (end -1.473 0.729) (layer Dwgs.User) (width 0.0508))
    (fp_line (start -1.473 0.729) (end -1.473 -0.729) (layer Dwgs.User) (width 0.0508))
    (fp_line (start -0.356 -0.432) (end 0.356 -0.432) (layer F.Fab) (width 0.1016))
    (fp_line (start -0.356 0.419) (end 0.356 0.419) (layer F.Fab) (width 0.1016))
    (fp_poly (pts (xy -0.8382 0.4699) (xy -0.3381 0.4699) (xy -0.3381 -0.4801) (xy -0.8382 -0.4801)) (layer F.Fab) (width 0))
    (fp_poly (pts (xy 0.3302 0.4699) (xy 0.8303 0.4699) (xy 0.8303 -0.4801) (xy 0.3302 -0.4801)) (layer F.Fab) (width 0))
    (fp_poly (pts (xy -0.1999 0.3) (xy 0.1999 0.3) (xy 0.1999 -0.3) (xy -0.1999 -0.3)) (layer F.Adhes) (width 0))
    (pad 1 smd rect (at -0.85 0 180) (size 1.1 1) (layers Top F.Paste F.Mask)
      (net 15 "Net-(C4-Pad1)") (solder_mask_margin 0.0508))
    (pad 2 smd rect (at 0.85 0 180) (size 1.1 1) (layers Top F.Paste F.Mask)
      (net 1 GND) (solder_mask_margin 0.0508))
  )

  (module eBoard_remote_control:C0603 (layer Top) (tedit 0) (tstamp 5BD2E947)
    (at 196.05 117.625 180)
    (descr <b>CAPACITOR</b>)
    (path /C3EA450F)
