(kicad_pcb (version 20171130) (host pcbnew "(6.0.0-rc1-dev-1027-g90233e5ec)")

  (general
    (thickness 1.6)
    (drawings 182)
    (tracks 196)
    (zones 0)
    (modules 42)
    (nets 47)
  )

  (page A4)
  (layers
    (0 Top signal)
    (31 Bottom signal)
    (32 B.Adhes user)
    (33 F.Adhes user)
    (34 B.Paste user)
    (35 F.Paste user)
    (36 B.SilkS user)
    (37 F.SilkS user)
    (38 B.Mask user)
    (39 F.Mask user)
    (40 Dwgs.User user hide)
    (41 Cmts.User user)
    (42 Eco1.User user)
    (43 Eco2.User user)
    (44 Edge.Cuts user)
    (45 Margin user)
    (46 B.CrtYd user hide)
    (47 F.CrtYd user hide)
    (48 B.Fab user)
    (49 F.Fab user hide)
  )

  (setup
    (last_trace_width 0.25)
    (trace_clearance 0.2)
    (zone_clearance 0.508)
    (zone_45_only yes)
    (trace_min 0.2)
    (via_size 0.8)
    (via_drill 0.4)
    (via_min_size 0.4)
    (via_min_drill 0.3)
    (uvia_size 0.3)
    (uvia_drill 0.1)
    (uvias_allowed no)
    (uvia_min_size 0.2)
    (uvia_min_drill 0.1)
    (edge_width 0.05)
    (segment_width 0.2)
    (pcb_text_width 0.3)
    (pcb_text_size 1.5 1.5)
    (mod_edge_width 0.12)
    (mod_text_size 1 1)
    (mod_text_width 0.15)
    (pad_size 3.5 2)
    (pad_drill 2)
    (pad_to_mask_clearance 0.051)
    (solder_mask_min_width 0.25)
    (aux_axis_origin 0 0)
    (visible_elements 7FFFFFFF)
    (pcbplotparams
      (layerselection 0x010fc_ffffffff)
      (usegerberextensions false)
      (usegerberattributes false)
      (usegerberadvancedattributes false)
      (creategerberjobfile false)
      (excludeedgelayer true)
      (linewidth 0.100000)
      (plotframeref false)
      (viasonmask false)
      (mode 1)
      (useauxorigin false)
      (hpglpennumber 1)
      (hpglpenspeed 20)
      (hpglpendiameter 15.000000)
      (psnegative false)
      (psa4output false)
      (plotreference true)
      (plotvalue false)
      (plotinvisibletext false)
      (padsonsilk false)
      (subtractmaskfromsilk false)
      (outputformat 1)
      (mirror false)
      (drillshape 0)
      (scaleselection 1)
      (outputdirectory "Gerber/REV2/"))
  )

  (net 0 "")
  (net 1 GND)
  (net 2 3.3V)
  (net 3 VBAT)
  (net 4 VBUS)
  (net 5 /SWDIO)
  (net 6 /SWCLK)
  (net 7 /RESET)
  (net 8 /SWO)
  (net 9 /RXD)
  (net 10 /P0.07)
  (net 11 /TXD)
  (net 12 "Net-(C2-Pad1)")
  (net 13 "Net-(C1-Pad1)")
  (net 14 "Net-(L2-Pad2)")
  (net 15 "Net-(C4-Pad1)")
  (net 16 /A7/P0.31)
  (net 17 /SCL)
  (net 18 /SDA)
  (net 19 "Net-(R8-Pad1)")
  (net 20 "Net-(R3-Pad2)")
  (net 21 "Net-(R5-Pad1)")
  (net 22 /DTR)
  (net 23 "Net-(R9-Pad1)")
  (net 24 "Net-(C7-Pad1)")
  (net 25 /USBD-)
  (net 26 /USBD+)
  (net 27 /A0)
  (net 28 "Net-(CHG1-PadC)")
  (net 29 /A1)
  (net 30 /A2)
  (net 31 /VBB)
  (net 32 "Net-(C9-Pad1)")
  (net 33 "Net-(U8-Pad14)")
  (net 34 "Net-(U8-Pad13)")
  (net 35 "Net-(U8-Pad12)")
  (net 36 "Net-(U8-Pad11)")
  (net 37 "Net-(U8-Pad10)")
  (net 38 "Net-(U8-Pad9)")
  (net 39 "Net-(U8-Pad8)")
  (net 40 "Net-(U8-Pad7)")
  (net 41 "Net-(U8-Pad6)")
  (net 42 "Net-(U8-Pad5)")
  (net 43 "Net-(U8-Pad4)")
  (net 44 "Net-(U8-Pad3)")
  (net 45 "Net-(U8-Pad2)")
  (net 46 "Net-(U8-Pad1)")

  (net_class Default "This is the default net class."
    (clearance 0.2)
    (trace_width 0.25)
    (via_dia 0.8)
    (via_drill 0.4)
    (uvia_dia 0.3)
    (uvia_drill 0.1)
    (add_net /A0)
    (add_net /A1)
    (add_net /A2)
    (add_net /A7/P0.31)
    (add_net /DTR)
    (add_net /P0.07)
    (add_net /RESET)
    (add_net /RXD)
    (add_net /SCL)
    (add_net /SDA)
    (add_net /SWCLK)
    (add_net /SWDIO)
    (add_net /SWO)
    (add_net /TXD)
    (add_net /USBD+)
    (add_net /USBD-)
    (add_net /VBB)
    (add_net 3.3V)
    (add_net GND)
    (add_net "Net-(C1-Pad1)")
    (add_net "Net-(C2-Pad1)")
    (add_net "Net-(C4-Pad1)")
    (add_net "Net-(C7-Pad1)")
    (add_net "Net-(C9-Pad1)")
    (add_net "Net-(CHG1-PadC)")
    (add_net "Net-(L2-Pad2)")
    (add_net "Net-(R3-Pad2)")
    (add_net "Net-(R5-Pad1)")
    (add_net "Net-(R8-Pad1)")
    (add_net "Net-(R9-Pad1)")
    (add_net "Net-(U8-Pad1)")
    (add_net "Net-(U8-Pad10)")
    (add_net "Net-(U8-Pad11)")
    (add_net "Net-(U8-Pad12)")
    (add_net "Net-(U8-Pad13)")
    (add_net "Net-(U8-Pad14)")
    (add_net "Net-(U8-Pad2)")
    (add_net "Net-(U8-Pad3)")
    (add_net "Net-(U8-Pad4)")
    (add_net "Net-(U8-Pad5)")
    (add_net "Net-(U8-Pad6)")
    (add_net "Net-(U8-Pad7)")
    (add_net "Net-(U8-Pad8)")
    (add_net "Net-(U8-Pad9)")
    (add_net VBAT)
    (add_net VBUS)
  )

  (module eBoard_remote_control:SSD1306_OLED-0.91-128x32 (layer Bottom) (tedit 5CBF27F7) (tstamp 5CBFA32C)
    (at 178.175 85.95 270)
    (path /5CC03FF3)
    (fp_text reference Ue (at -4.79 3.37 270) (layer B.SilkS) hide
      (effects (font (size 1 1) (thickness 0.15)) (justify mirror))
    )
    (fp_text value SSD1306 (at 2.16 3.46 270) (layer B.Fab)
      (effects (font (size 1 1) (thickness 0.15)) (justify mirror))
    )
    (pad 14 smd oval (at 2.35 -0.45 270) (size 4 0.32) (layers Bottom B.Paste B.Mask)
      (net 33 "Net-(U8-Pad14)"))
    (pad 13 smd oval (at 2.35 -1.07 270) (size 4 0.32) (layers Bottom B.Paste B.Mask)
      (net 34 "Net-(U8-Pad13)"))
    (pad 12 smd oval (at 2.35 -1.69 270) (size 4 0.32) (layers Bottom B.Paste B.Mask)
      (net 35 "Net-(U8-Pad12)"))
    (pad 11 smd oval (at 2.35 -2.31 270) (size 4 0.32) (layers Bottom B.Paste B.Mask)
      (net 36 "Net-(U8-Pad11)"))
    (pad 10 smd oval (at 2.35 -2.93 270) (size 4 0.32) (layers Bottom B.Paste B.Mask)
      (net 37 "Net-(U8-Pad10)"))
    (pad 9 smd oval (at 2.35 -3.55 270) (size 4 0.32) (layers Bottom B.Paste B.Mask)
      (net 38 "Net-(U8-Pad9)"))
    (pad 8 smd oval (at 2.35 -4.17 270) (size 4 0.32) (layers Bottom B.Paste B.Mask)
      (net 39 "Net-(U8-Pad8)"))
    (pad 7 smd oval (at 2.35 -4.79 270) (size 4 0.32) (layers Bottom B.Paste B.Mask)
      (net 40 "Net-(U8-Pad7)"))
    (pad 6 smd oval (at 2.35 -5.41 270) (size 4 0.32) (layers Bottom B.Paste B.Mask)
      (net 41 "Net-(U8-Pad6)"))
    (pad 5 smd oval (at 2.35 -6.03 270) (size 4 0.32) (layers Bottom B.Paste B.Mask)
      (net 42 "Net-(U8-Pad5)"))
    (pad 4 smd oval (at 2.35 -6.65 270) (size 4 0.32) (layers Bottom B.Paste B.Mask)
      (net 43 "Net-(U8-Pad4)"))
    (pad 3 smd oval (at 2.35 -7.27 270) (size 4 0.32) (layers Bottom B.Paste B.Mask)
      (net 44 "Net-(U8-Pad3)"))
    (pad 2 smd oval (at 2.35 -7.89 270) (size 4 0.32) (layers Bottom B.Paste B.Mask)
      (net 45 "Net-(U8-Pad2)"))
    (pad 1 smd oval (at 2.35 -8.51 270) (size 4 0.32) (layers Bottom B.Paste B.Mask)
      (net 46 "Net-(U8-Pad1)"))
    (model "${KIPRJMOD}/KiCad-SSD1306_OLED-0.91-128x32-master/0.91in OLED - Folded Flush - Without Glass.stp"
      (offset (xyz 17.9 -6.65 0.1))
      (scale (xyz 1 1 1))
      (rotate (xyz 0 0 -180))
    )
  )

  (module eBoard_remote_control:0603-NO (layer Top) (tedit 0) (tstamp 5BDE71AA)
    (at 189.83879 137.040235 180)
    (path /34D4A047)
    (fp_text reference R5 (at 0.21844 -1.66624 180) (layer F.SilkS)
      (effects (font (size 0.77216 0.77216) (thickness 0.138988)) (justify left bottom))
    )
    (fp_text value 100K (at 1.778 0.762 180) (layer F.Fab)
      (effects (font (size 0.77216 0.77216) (thickness 0.077216)) (justify left bottom))
    )
    (fp_line (start 0 -0.4) (end 0 0.4) (layer F.SilkS) (width 0.3048))
    (fp_poly (pts (xy -0.1999 0.3) (xy 0.1999 0.3) (xy 0.1999 -0.3) (xy -0.1999 -0.3)) (layer F.Adhes) (width 0))
    (fp_poly (pts (xy 0.3302 0.4699) (xy 0.8303 0.4699) (xy 0.8303 -0.4801) (xy 0.3302 -0.4801)) (layer F.Fab) (width 0))
    (fp_poly (pts (xy -0.8382 0.4699) (xy -0.3381 0.4699) (xy -0.3381 -0.4801) (xy -0.8382 -0.4801)) (layer F.Fab) (width 0))
    (fp_line (start -0.356 0.419) (end 0.356 0.419) (layer F.Fab) (width 0.1016))
    (fp_line (start -0.356 -0.432) (end 0.356 -0.432) (layer F.Fab) (width 0.1016))
    (fp_line (start -1.473 0.729) (end -1.473 -0.729) (layer Dwgs.User) (width 0.0508))
    (fp_line (start 1.473 0.729) (end -1.473 0.729) (layer Dwgs.User) (width 0.0508))
    (fp_line (start 1.473 -0.729) (end 1.473 0.729) (layer Dwgs.User) (width 0.0508))
    (fp_line (start -1.473 -0.729) (end 1.473 -0.729) (layer Dwgs.User) (width 0.0508))
    (pad 2 smd rect (at 0.85 0 180) (size 1.075 1) (layers Top F.Paste F.Mask)
      (net 31 /VBB) (solder_mask_margin 0.0508))
    (pad 1 smd rect (at -0.85 0 180) (size 1.075 1) (layers Top F.Paste F.Mask)
      (net 21 "Net-(R5-Pad1)") (solder_mask_margin 0.0508))
  )

  (module eBoard_remote_control:USB-MICRO-B (layer Top) (tedit 0) (tstamp 5BDE2ED9)
    (at 182.509863 141.168018 270)
    (path /24F1395A)
    (fp_text reference P1 (at -4.312818 0.798263 270) (layer F.SilkS)
      (effects (font (size 0.9652 0.9652) (thickness 0.077216)) (justify left bottom))
    )
    (fp_text value USB (at 7.218782 0.747463 270) (layer F.SilkS) hide
      (effects (font (size 1.27 1.27) (thickness 0.15)))
    )
    (fp_line (start 3.75 5) (end -3.75 5) (layer F.SilkS) (width 0.15))
    (fp_line (start -3.75 2.4) (end -3.75 0.4) (layer F.SilkS) (width 0.15))
    (fp_line (start -3.75 5) (end -3.75 4.7) (layer F.SilkS) (width 0.15))
    (fp_line (start -3.75 5.6) (end -3.75 5) (layer F.SilkS) (width 0.15))
    (fp_line (start 3.75 5.6) (end -3.75 5.6) (layer F.SilkS) (width 0.15))
    (fp_line (start 3.75 5) (end 3.75 5.6) (layer F.SilkS) (width 0.15))
    (fp_line (start 3.75 4.7) (end 3.75 5) (layer F.SilkS) (width 0.15))
    (fp_line (start 3.75 0.4) (end 3.75 2.4) (layer F.SilkS) (width 0.15))
    (fp_line (start 1.7 0.4) (end 3.75 0.4) (layer F.SilkS) (width 0.15))
    (fp_line (start -3.75 0.4) (end -1.7 0.4) (layer F.SilkS) (width 0.15))
    (pad G2 smd rect (at 1.25 3.55 270) (size 2 1.9) (layers Top F.Paste F.Mask)
      (net 1 GND) (solder_mask_margin 0.0508))
    (pad G3 smd rect (at -1.25 3.55 270) (size 2 1.9) (layers Top F.Paste F.Mask)
      (net 1 GND) (solder_mask_margin 0.0508))
    (pad G1 smd rect (at 4 3.55 270) (size 2.3 1.9) (layers Top F.Paste F.Mask)
      (net 1 GND) (solder_mask_margin 0.0508))
    (pad G4 smd rect (at -4 3.55 270) (size 2.3 1.9) (layers Top F.Paste F.Mask)
      (net 1 GND) (solder_mask_margin 0.0508))
    (pad 1 smd rect (at -1.3 0.7 90) (size 0.4 1.4) (layers Top F.Paste F.Mask)
      (net 4 VBUS) (solder_mask_margin 0.0508))
    (pad 2 smd rect (at -0.65 0.7 90) (size 0.4 1.4) (layers Top F.Paste F.Mask)
      (net 25 /USBD-) (solder_mask_margin 0.0508))
    (pad 4 smd rect (at 0.65 0.7 90) (size 0.4 1.4) (layers Top F.Paste F.Mask)
      (solder_mask_margin 0.0508))
    (pad 5 smd rect (at 1.3 0.7 90) (size 0.4 1.4) (layers Top F.Paste F.Mask)
      (net 1 GND) (solder_mask_margin 0.0508))
    (pad 3 smd rect (at 0 0.7 90) (size 0.4 1.4) (layers Top F.Paste F.Mask)
      (net 26 /USBD+) (solder_mask_margin 0.0508))
  )

  (module eBoard_remote_control:K9-1267B-L (layer Top) (tedit 5C34F552) (tstamp 5C370CC0)
    (at 196.60616 93.73108 270)
    (path /788C9994)
    (fp_text reference S1 (at -7.62 -3.81 270) (layer F.Fab) hide
      (effects (font (size 0.76 0.76) (thickness 0.064)))
    )
    (fp_text value K9-1267B-L (at 0 -7.62 270) (layer F.Fab) hide
      (effects (font (size 1.27 1.27) (thickness 0.15)))
    )
    (fp_line (start -2.5 -9.9) (end -2.5 -9.25) (layer F.Fab) (width 0.1524))
    (fp_line (start -3.5 -9.9) (end -2.5 -9.9) (layer F.Fab) (width 0.1524))
    (fp_line (start -3.5 -9.25) (end -3.5 -9.9) (layer F.Fab) (width 0.1524))
    (fp_line (start -6.35 -9.25) (end 8.15 -12.7) (layer F.Fab) (width 0.1524))
    (fp_line (start -6.35 -9.25) (end -6.35 -2.7) (layer F.Fab) (width 0.1524))
    (fp_line (start -3.5 -9.25) (end -6.35 -9.25) (layer F.Fab) (width 0.1524))
    (fp_line (start -2.5 -9.25) (end -3.5 -9.25) (layer F.Fab) (width 0.1524))
    (fp_line (start 6.35 -9.25) (end -2.5 -9.25) (layer F.Fab) (width 0.1524))
    (fp_line (start 6.35 -2.7) (end 6.35 -9.25) (layer F.Fab) (width 0.1524))
    (fp_line (start -6.35 -2.7) (end 6.35 -2.7) (layer F.Fab) (width 0.1524))
    (pad P1 thru_hole oval (at 5.08 0) (size 2.616 1.308) (drill 0.8) (layers *.Cu *.Mask)
      (net 1 GND) (solder_mask_margin 0.0508))
    (pad P3 thru_hole oval (at -5.08 0) (size 2.616 1.308) (drill 0.8) (layers *.Cu *.Mask)
      (solder_mask_margin 0.0508))
    (pad P2 thru_hole oval (at 0 0) (size 2.616 1.308) (drill 0.8) (layers *.Cu *.Mask)
      (net 10 /P0.07) (solder_mask_margin 0.0508))
  )

  (module eBoard_remote_control:C0603 (layer Top) (tedit 0) (tstamp 5BD8C567)
    (at 200.984534 113.979926 90)
    (descr <b>CAPACITOR</b>)
    (path /856FC785)
    (fp_text reference C12 (at 4.928644 -0.35459 90) (layer F.SilkS)
      (effects (font (size 0.95 0.95) (thickness 0.076)) (justify left bottom))
    )
    (fp_text value 1nF (at 0 0 90) (layer F.Fab) hide
      (effects (font (size 1.27 1.27) (thickness 0.15)))
    )
    (fp_line (start -1.473 -0.729) (end 1.473 -0.729) (layer Dwgs.User) (width 0.0508))
    (fp_line (start 1.473 -0.729) (end 1.473 0.729) (layer Dwgs.User) (width 0.0508))
    (fp_line (start 1.473 0.729) (end -1.473 0.729) (layer Dwgs.User) (width 0.0508))
    (fp_line (start -1.473 0.729) (end -1.473 -0.729) (layer Dwgs.User) (width 0.0508))
    (fp_line (start -0.356 -0.432) (end 0.356 -0.432) (layer F.Fab) (width 0.1016))
    (fp_line (start -0.356 0.419) (end 0.356 0.419) (layer F.Fab) (width 0.1016))
    (fp_poly (pts (xy -0.8382 0.4699) (xy -0.3381 0.4699) (xy -0.3381 -0.4801) (xy -0.8382 -0.4801)) (layer F.Fab) (width 0))
    (fp_poly (pts (xy 0.3302 0.4699) (xy 0.8303 0.4699) (xy 0.8303 -0.4801) (xy 0.3302 -0.4801)) (layer F.Fab) (width 0))
    (fp_poly (pts (xy -0.1999 0.3) (xy 0.1999 0.3) (xy 0.1999 -0.3) (xy -0.1999 -0.3)) (layer F.Adhes) (width 0))
    (pad 1 smd rect (at -0.85 0 90) (size 1.1 1) (layers Top F.Paste F.Mask)
      (net 16 /A7/P0.31) (solder_mask_margin 0.0508))
    (pad 2 smd rect (at 0.85 0 90) (size 1.1 1) (layers Top F.Paste F.Mask)
      (net 1 GND) (solder_mask_margin 0.0508))
  )

  (module eBoard_remote_control:C0603 (layer Top) (tedit 0) (tstamp 5BDE2CDA)
    (at 184.852663 139.141418 90)
    (descr <b>CAPACITOR</b>)
    (path /6EEB2871)
    (fp_text reference C10 (at -0.905 -0.635 90) (layer F.SilkS)
      (effects (font (size 0.95 0.95) (thickness 0.076)) (justify left bottom))
    )
    (fp_text value 0.1uF (at 2.184618 2.650137 90) (layer F.Fab) hide
      (effects (font (size 0.5 0.5) (thickness 0.125)))
    )
    (fp_poly (pts (xy -0.1999 0.3) (xy 0.1999 0.3) (xy 0.1999 -0.3) (xy -0.1999 -0.3)) (layer F.Adhes) (width 0))
    (fp_poly (pts (xy 0.3302 0.4699) (xy 0.8303 0.4699) (xy 0.8303 -0.4801) (xy 0.3302 -0.4801)) (layer F.Fab) (width 0))
    (fp_poly (pts (xy -0.8382 0.4699) (xy -0.3381 0.4699) (xy -0.3381 -0.4801) (xy -0.8382 -0.4801)) (layer F.Fab) (width 0))
    (fp_line (start -0.356 0.419) (end 0.356 0.419) (layer F.Fab) (width 0.1016))
    (fp_line (start -0.356 -0.432) (end 0.356 -0.432) (layer F.Fab) (width 0.1016))
    (fp_line (start -1.473 0.729) (end -1.473 -0.729) (layer Dwgs.User) (width 0.0508))
    (fp_line (start 1.473 0.729) (end -1.473 0.729) (layer Dwgs.User) (width 0.0508))
    (fp_line (start 1.473 -0.729) (end 1.473 0.729) (layer Dwgs.User) (width 0.0508))
    (fp_line (start -1.473 -0.729) (end 1.473 -0.729) (layer Dwgs.User) (width 0.0508))
    (pad 2 smd rect (at 0.85 0 90) (size 1.1 1) (layers Top F.Paste F.Mask)
      (net 1 GND) (solder_mask_margin 0.0508))
    (pad 1 smd rect (at -0.85 0 90) (size 1.1 1) (layers Top F.Paste F.Mask)
      (net 2 3.3V) (solder_mask_margin 0.0508))
  )

  (module eBoard_remote_control:C0603 (layer Top) (tedit 0) (tstamp 5BDE720E)
    (at 195.374885 135.132643 270)
    (descr <b>CAPACITOR</b>)
    (path /4085EC5D)
    (fp_text reference C8 (at -2.166568 -0.392265 270) (layer F.SilkS)
      (effects (font (size 0.95 0.95) (thickness 0.076)) (justify left bottom))
    )
    (fp_text value 10µF (at 0 0 270) (layer F.Fab) hide
      (effects (font (size 1.27 1.27) (thickness 0.15)))
    )
    (fp_poly (pts (xy -0.1999 0.3) (xy 0.1999 0.3) (xy 0.1999 -0.3) (xy -0.1999 -0.3)) (layer F.Adhes) (width 0))
    (fp_poly (pts (xy 0.3302 0.4699) (xy 0.8303 0.4699) (xy 0.8303 -0.4801) (xy 0.3302 -0.4801)) (layer F.Fab) (width 0))
    (fp_poly (pts (xy -0.8382 0.4699) (xy -0.3381 0.4699) (xy -0.3381 -0.4801) (xy -0.8382 -0.4801)) (layer F.Fab) (width 0))
    (fp_line (start -0.356 0.419) (end 0.356 0.419) (layer F.Fab) (width 0.1016))
    (fp_line (start -0.356 -0.432) (end 0.356 -0.432) (layer F.Fab) (width 0.1016))
    (fp_line (start -1.473 0.729) (end -1.473 -0.729) (layer Dwgs.User) (width 0.0508))
    (fp_line (start 1.473 0.729) (end -1.473 0.729) (layer Dwgs.User) (width 0.0508))
    (fp_line (start 1.473 -0.729) (end 1.473 0.729) (layer Dwgs.User) (width 0.0508))
    (fp_line (start -1.473 -0.729) (end 1.473 -0.729) (layer Dwgs.User) (width 0.0508))
    (pad 2 smd rect (at 0.85 0 270) (size 1.1 1) (layers Top F.Paste F.Mask)
      (net 1 GND) (solder_mask_margin 0.0508))
    (pad 1 smd rect (at -0.85 0 270) (size 1.1 1) (layers Top F.Paste F.Mask)
      (net 2 3.3V) (solder_mask_margin 0.0508))
  )

  (module eBoard_remote_control:C0603 (layer Top) (tedit 0) (tstamp 5BDE2E46)
    (at 186.198863 147.548818 180)
    (descr <b>CAPACITOR</b>)
    (path /75092A6A)
    (fp_text reference C7 (at -1.989737 -0.533182 180) (layer F.SilkS)
      (effects (font (size 0.95 0.95) (thickness 0.076)) (justify left bottom))
    )
    (fp_text value 10uf (at -2.599337 -1.041182 180) (layer F.Fab) hide
      (effects (font (size 0.5 0.5) (thickness 0.125)))
    )
    (fp_poly (pts (xy -0.1999 0.3) (xy 0.1999 0.3) (xy 0.1999 -0.3) (xy -0.1999 -0.3)) (layer F.Adhes) (width 0))
    (fp_poly (pts (xy 0.3302 0.4699) (xy 0.8303 0.4699) (xy 0.8303 -0.4801) (xy 0.3302 -0.4801)) (layer F.Fab) (width 0))
    (fp_poly (pts (xy -0.8382 0.4699) (xy -0.3381 0.4699) (xy -0.3381 -0.4801) (xy -0.8382 -0.4801)) (layer F.Fab) (width 0))
    (fp_line (start -0.356 0.419) (end 0.356 0.419) (layer F.Fab) (width 0.1016))
    (fp_line (start -0.356 -0.432) (end 0.356 -0.432) (layer F.Fab) (width 0.1016))
    (fp_line (start -1.473 0.729) (end -1.473 -0.729) (layer Dwgs.User) (width 0.0508))
    (fp_line (start 1.473 0.729) (end -1.473 0.729) (layer Dwgs.User) (width 0.0508))
    (fp_line (start 1.473 -0.729) (end 1.473 0.729) (layer Dwgs.User) (width 0.0508))
    (fp_line (start -1.473 -0.729) (end 1.473 -0.729) (layer Dwgs.User) (width 0.0508))
    (pad 2 smd rect (at 0.85 0 180) (size 1.1 1) (layers Top F.Paste F.Mask)
      (net 1 GND) (solder_mask_margin 0.0508))
    (pad 1 smd rect (at -0.85 0 180) (size 1.1 1) (layers Top F.Paste F.Mask)
      (net 24 "Net-(C7-Pad1)") (solder_mask_margin 0.0508))
  )

  (module eBoard_remote_control:C0603 (layer Top) (tedit 0) (tstamp 5BDE722C)
    (at 189.12251 134.271635 270)
    (descr <b>CAPACITOR</b>)
    (path /6333BD7E)
    (fp_text reference C6 (at -2.39776 -1.18364 270) (layer F.SilkS)
      (effects (font (size 0.95 0.95) (thickness 0.076)) (justify left bottom))
    )
    (fp_text value 10µF (at 0 0 270) (layer F.Fab) hide
      (effects (font (size 1.27 1.27) (thickness 0.15)))
    )
    (fp_poly (pts (xy -0.1999 0.3) (xy 0.1999 0.3) (xy 0.1999 -0.3) (xy -0.1999 -0.3)) (layer F.Adhes) (width 0))
    (fp_poly (pts (xy 0.3302 0.4699) (xy 0.8303 0.4699) (xy 0.8303 -0.4801) (xy 0.3302 -0.4801)) (layer F.Fab) (width 0))
    (fp_poly (pts (xy -0.8382 0.4699) (xy -0.3381 0.4699) (xy -0.3381 -0.4801) (xy -0.8382 -0.4801)) (layer F.Fab) (width 0))
    (fp_line (start -0.356 0.419) (end 0.356 0.419) (layer F.Fab) (width 0.1016))
    (fp_line (start -0.356 -0.432) (end 0.356 -0.432) (layer F.Fab) (width 0.1016))
    (fp_line (start -1.473 0.729) (end -1.473 -0.729) (layer Dwgs.User) (width 0.0508))
    (fp_line (start 1.473 0.729) (end -1.473 0.729) (layer Dwgs.User) (width 0.0508))
    (fp_line (start 1.473 -0.729) (end 1.473 0.729) (layer Dwgs.User) (width 0.0508))
    (fp_line (start -1.473 -0.729) (end 1.473 -0.729) (layer Dwgs.User) (width 0.0508))
    (pad 2 smd rect (at 0.85 0 270) (size 1.1 1) (layers Top F.Paste F.Mask)
      (net 1 GND) (solder_mask_margin 0.0508))
    (pad 1 smd rect (at -0.85 0 270) (size 1.1 1) (layers Top F.Paste F.Mask)
      (net 31 /VBB) (solder_mask_margin 0.0508))
  )

  (module eBoard_remote_control:C0603 (layer Top) (tedit 0) (tstamp 5BDE72B3)
    (at 181.51212 120.78788)
    (descr <b>CAPACITOR</b>)
    (path /CC92E58C)
    (fp_text reference C5 (at -0.905 -0.635) (layer F.SilkS)
      (effects (font (size 0.95 0.95) (thickness 0.076)) (justify left bottom))
    )
    (fp_text value 10µF (at 0 0) (layer F.Fab) hide
      (effects (font (size 1.27 1.27) (thickness 0.15)))
    )
    (fp_poly (pts (xy -0.1999 0.3) (xy 0.1999 0.3) (xy 0.1999 -0.3) (xy -0.1999 -0.3)) (layer F.Adhes) (width 0))
    (fp_poly (pts (xy 0.3302 0.4699) (xy 0.8303 0.4699) (xy 0.8303 -0.4801) (xy 0.3302 -0.4801)) (layer F.Fab) (width 0))
    (fp_poly (pts (xy -0.8382 0.4699) (xy -0.3381 0.4699) (xy -0.3381 -0.4801) (xy -0.8382 -0.4801)) (layer F.Fab) (width 0))
    (fp_line (start -0.356 0.419) (end 0.356 0.419) (layer F.Fab) (width 0.1016))
    (fp_line (start -0.356 -0.432) (end 0.356 -0.432) (layer F.Fab) (width 0.1016))
    (fp_line (start -1.473 0.729) (end -1.473 -0.729) (layer Dwgs.User) (width 0.0508))
    (fp_line (start 1.473 0.729) (end -1.473 0.729) (layer Dwgs.User) (width 0.0508))
    (fp_line (start 1.473 -0.729) (end 1.473 0.729) (layer Dwgs.User) (width 0.0508))
    (fp_line (start -1.473 -0.729) (end 1.473 -0.729) (layer Dwgs.User) (width 0.0508))
    (pad 2 smd rect (at 0.85 0) (size 1.1 1) (layers Top F.Paste F.Mask)
      (net 1 GND) (solder_mask_margin 0.0508))
    (pad 1 smd rect (at -0.85 0) (size 1.1 1) (layers Top F.Paste F.Mask)
      (net 3 VBAT) (solder_mask_margin 0.0508))
  )

  (module eBoard_remote_control:C0603 (layer Top) (tedit 0) (tstamp 5BD2E9AB)
    (at 198.420144 113.039082 180)
    (descr <b>CAPACITOR</b>)
    (path /674C1B16)
    (fp_text reference C4 (at 0.7112 1.016 180) (layer F.SilkS)
      (effects (font (size 0.95 0.95) (thickness 0.076)) (justify left bottom))
    )
    (fp_text value 1uF (at 0 0 180) (layer F.SilkS) hide
      (effects (font (size 1.27 1.27) (thickness 0.15)))
    )
    (fp_line (start -1.473 -0.729) (end 1.473 -0.729) (layer Dwgs.User) (width 0.0508))
    (fp_line (start 1.473 -0.729) (end 1.473 0.729) (layer Dwgs.User) (width 0.0508))
    (fp_line (start 1.473 0.729) (end -1.473 0.729) (layer Dwgs.User) (width 0.0508))
    (fp_line (start -1.473 0.729) (end -1.473 -0.729) (layer Dwgs.User) (width 0.0508))
    (fp_line (start -0.356 -0.432) (end 0.356 -0.432) (layer F.Fab) (width 0.1016))
    (fp_line (start -0.356 0.419) (end 0.356 0.419) (layer F.Fab) (width 0.1016))
    (fp_poly (pts (xy -0.8382 0.4699) (xy -0.3381 0.4699) (xy -0.3381 -0.4801) (xy -0.8382 -0.4801)) (layer F.Fab) (width 0))
    (fp_poly (pts (xy 0.3302 0.4699) (xy 0.8303 0.4699) (xy 0.8303 -0.4801) (xy 0.3302 -0.4801)) (layer F.Fab) (width 0))
    (fp_poly (pts (xy -0.1999 0.3) (xy 0.1999 0.3) (xy 0.1999 -0.3) (xy -0.1999 -0.3)) (layer F.Adhes) (width 0))
    (pad 1 smd rect (at -0.85 0 180) (size 1.1 1) (layers Top F.Paste F.Mask)
      (net 15 "Net-(C4-Pad1)") (solder_mask_margin 0.0508))
    (pad 2 smd rect (at 0.85 0 180) (size 1.1 1) (layers Top F.Paste F.Mask)
      (net 1 GND) (solder_mask_margin 0.0508))
  )

  (module eBoard_remote_control:C0603 (layer Top) (tedit 0) (tstamp 5BD2E947)
    (at 195.2 116.55 180)
    (descr <b>CAPACITOR</b>)
    (path /C3EA450F)
    (fp_text reference C3 (at 1.06172 0.94488 180) (layer F.SilkS)
      (effects (font (size 0.95 0.95) (thickness 0.076)) (justify left bottom))
    )
    (fp_text value 10uF (at 0 0 180) (layer F.Fab) hide
      (effects (font (size 1.27 1.27) (thickness 0.15)))
    )
    (fp_line (start -1.473 -0.729) (end 1.473 -0.729) (layer Dwgs.User) (width 0.0508))
    (fp_line (start 1.473 -0.729) (end 1.473 0.729) (layer Dwgs.User) (width 0.0508))
    (fp_line (start 1.473 0.729) (end -1.473 0.729) (layer Dwgs.User) (width 0.0508))
    (fp_line (start -1.473 0.729) (end -1.473 -0.729) (layer Dwgs.User) (width 0.0508))
    (fp_line (start -0.356 -0.432) (end 0.356 -0.432) (layer F.Fab) (width 0.1016))
    (fp_line (start -0.356 0.419) (end 0.356 0.419) (layer F.Fab) (width 0.1016))
    (fp_poly (pts (xy -0.8382 0.4699) (xy -0.3381 0.4699) (xy -0.3381 -0.4801) (xy -0.8382 -0.4801)) (layer F.Fab) (width 0))
    (fp_poly (pts (xy 0.3302 0.4699) (xy 0.8303 0.4699) (xy 0.8303 -0.4801) (xy 0.3302 -0.4801)) (layer F.Fab) (width 0))
    (fp_poly (pts (xy -0.1999 0.3) (xy 0.1999 0.3) (xy 0.1999 -0.3) (xy -0.1999 -0.3)) (layer F.Adhes) (width 0))
    (pad 1 smd rect (at -0.85 0 180) (size 1.1 1) (layers Top F.Paste F.Mask)
      (net 2 3.3V) (solder_mask_margin 0.0508))
    (pad 2 smd rect (at 0.85 0 180) (size 1.1 1) (layers Top F.Paste F.Mask)
      (net 1 GND) (solder_mask_margin 0.0508))
  )

  (module eBoard_remote_control:C0603 (layer Top) (tedit 0) (tstamp 5BDBAFD3)
    (at 189.075 118.4 180)
    (descr <b>CAPACITOR</b>)
    (path /1A664D53)
    (fp_text reference C2 (at 0.811524 0.634137 180) (layer F.SilkS)
      (effects (font (size 0.95 0.95) (thickness 0.076)) (justify left bottom))
    )
    (fp_text value 22pF (at 0 0 180) (layer F.Fab) hide
      (effects (font (size 1.27 1.27) (thickness 0.15)))
    )
    (fp_line (start -1.473 -0.729) (end 1.473 -0.729) (layer Dwgs.User) (width 0.0508))
    (fp_line (start 1.473 -0.729) (end 1.473 0.729) (layer Dwgs.User) (width 0.0508))
    (fp_line (start 1.473 0.729) (end -1.473 0.729) (layer Dwgs.User) (width 0.0508))
    (fp_line (start -1.473 0.729) (end -1.473 -0.729) (layer Dwgs.User) (width 0.0508))
    (fp_line (start -0.356 -0.432) (end 0.356 -0.432) (layer F.Fab) (width 0.1016))
    (fp_line (start -0.356 0.419) (end 0.356 0.419) (layer F.Fab) (width 0.1016))
    (fp_poly (pts (xy -0.8382 0.4699) (xy -0.3381 0.4699) (xy -0.3381 -0.4801) (xy -0.8382 -0.4801)) (layer F.Fab) (width 0))
    (fp_poly (pts (xy 0.3302 0.4699) (xy 0.8303 0.4699) (xy 0.8303 -0.4801) (xy 0.3302 -0.4801)) (layer F.Fab) (width 0))
    (fp_poly (pts (xy -0.1999 0.3) (xy 0.1999 0.3) (xy 0.1999 -0.3) (xy -0.1999 -0.3)) (layer F.Adhes) (width 0))
    (pad 1 smd rect (at -0.85 0 180) (size 1.1 1) (layers Top F.Paste F.Mask)
      (net 12 "Net-(C2-Pad1)") (solder_mask_margin 0.0508))
    (pad 2 smd rect (at 0.85 0 180) (size 1.1 1) (layers Top F.Paste F.Mask)
      (net 1 GND) (solder_mask_margin 0.0508))
  )

  (module eBoard_remote_control:C0603 (layer Top) (tedit 0) (tstamp 5BDBB000)
    (at 189.075 116.85 180)
    (descr <b>CAPACITOR</b>)
    (path /7EE2FFE3)
    (fp_text reference C1 (at 0.836924 1.015137 180) (layer F.SilkS)
      (effects (font (size 0.95 0.95) (thickness 0.076)) (justify left bottom))
    )
    (fp_text value 22pF (at 0 0 180) (layer F.Fab) hide
      (effects (font (size 1.27 1.27) (thickness 0.15)))
    )
    (fp_line (start -1.473 -0.729) (end 1.473 -0.729) (layer Dwgs.User) (width 0.0508))
    (fp_line (start 1.473 -0.729) (end 1.473 0.729) (layer Dwgs.User) (width 0.0508))
    (fp_line (start 1.473 0.729) (end -1.473 0.729) (layer Dwgs.User) (width 0.0508))
    (fp_line (start -1.473 0.729) (end -1.473 -0.729) (layer Dwgs.User) (width 0.0508))
    (fp_line (start -0.356 -0.432) (end 0.356 -0.432) (layer F.Fab) (width 0.1016))
    (fp_line (start -0.356 0.419) (end 0.356 0.419) (layer F.Fab) (width 0.1016))
    (fp_poly (pts (xy -0.8382 0.4699) (xy -0.3381 0.4699) (xy -0.3381 -0.4801) (xy -0.8382 -0.4801)) (layer F.Fab) (width 0))
    (fp_poly (pts (xy 0.3302 0.4699) (xy 0.8303 0.4699) (xy 0.8303 -0.4801) (xy 0.3302 -0.4801)) (layer F.Fab) (width 0))
    (fp_poly (pts (xy -0.1999 0.3) (xy 0.1999 0.3) (xy 0.1999 -0.3) (xy -0.1999 -0.3)) (layer F.Adhes) (width 0))
    (pad 1 smd rect (at -0.85 0 180) (size 1.1 1) (layers Top F.Paste F.Mask)
      (net 13 "Net-(C1-Pad1)") (solder_mask_margin 0.0508))
    (pad 2 smd rect (at 0.85 0 180) (size 1.1 1) (layers Top F.Paste F.Mask)
      (net 1 GND) (solder_mask_margin 0.0508))
  )

  (module eBoard_remote_control:SS12D11 (layer Top) (tedit 5CBF2B12) (tstamp 5C37532C)
    (at 194.7164 154.9146 180)
    (path /F9B5905E)
    (fp_text reference S2 (at -7.9756 -3.5306) (layer F.SilkS)
      (effects (font (size 0.76 0.76) (thickness 0.0608)) (justify left bottom))
    )
    (fp_text value SS12D11 (at -9.4996 -4.0386 180) (layer F.SilkS) hide
      (effects (font (size 1.27 1.27) (thickness 0.15)) (justify right top))
    )
    (fp_line (start -6.35 -4.8) (end 6.35 -4.8) (layer F.Fab) (width 0.1524))
    (fp_line (start 6.35 -4.8) (end 6.35 -11.2) (layer F.Fab) (width 0.1524))
    (fp_line (start 6.35 -11.2) (end 1.95 -11.2) (layer F.Fab) (width 0.1524))
    (fp_line (start 1.95 -11.2) (end -1.95 -11.2) (layer F.Fab) (width 0.1524))
    (fp_line (start -1.95 -11.2) (end -6.35 -11.2) (layer F.Fab) (width 0.1524))
    (fp_line (start -6.35 -11.2) (end -6.35 -4.8) (layer F.Fab) (width 0.1524))
    (fp_line (start -1.95 -11.2) (end -1.95 -16.2) (layer F.Fab) (width 0.1524))
    (fp_line (start -1.95 -16.2) (end 1.95 -16.2) (layer F.Fab) (width 0.1524))
    (fp_line (start 1.95 -16.2) (end 1.95 -11.2) (layer F.Fab) (width 0.1524))
    (pad 2 thru_hole oval (at 0 0 270) (size 3.5 2) (drill oval 2 0.9) (layers *.Cu *.Mask)
      (net 3 VBAT) (solder_mask_margin 0.0508))
    (pad 1 thru_hole oval (at -4.7 0 270) (size 3.5 2) (drill oval 2 0.9) (layers *.Cu *.Mask)
      (net 31 /VBB) (solder_mask_margin 0.0508))
    (pad 3 thru_hole oval (at 4.7 0 270) (size 3.5 2) (drill oval 2 0.9) (layers *.Cu *.Mask)
      (solder_mask_margin 0.0508))
  )

  (module Connector_PinHeader_1.27mm:PinHeader_2x05_P1.27mm_Vertical_SMD (layer Top) (tedit 59FED6E3) (tstamp 5C36741A)
    (at 206.9846 143.10868 90)
    (descr "surface-mounted straight pin header, 2x05, 1.27mm pitch, double rows")
    (tags "Surface mounted pin header SMD 2x05 1.27mm double row")
    (path /5C356BF2)
    (attr smd)
    (fp_text reference J1 (at -6.75132 -3.175 90) (layer F.SilkS)
      (effects (font (size 1 1) (thickness 0.15)))
    )
    (fp_text value SWDIO_conn (at -6.04012 2.2098 270) (layer F.Fab)
      (effects (font (size 0.5 0.5) (thickness 0.125)))
    )
    (fp_text user %R (at 4.39928 -2.3622 180) (layer F.Fab)
      (effects (font (size 1 1) (thickness 0.15)))
    )
    (fp_line (start 4.3 -3.7) (end -4.3 -3.7) (layer F.CrtYd) (width 0.05))
    (fp_line (start 4.3 3.7) (end 4.3 -3.7) (layer F.CrtYd) (width 0.05))
    (fp_line (start -4.3 3.7) (end 4.3 3.7) (layer F.CrtYd) (width 0.05))
    (fp_line (start -4.3 -3.7) (end -4.3 3.7) (layer F.CrtYd) (width 0.05))
    (fp_line (start 1.765 3.17) (end 1.765 3.235) (layer F.SilkS) (width 0.12))
    (fp_line (start -1.765 3.17) (end -1.765 3.235) (layer F.SilkS) (width 0.12))
    (fp_line (start 1.765 -3.235) (end 1.765 -3.17) (layer F.SilkS) (width 0.12))
    (fp_line (start -1.765 -3.235) (end -1.765 -3.17) (layer F.SilkS) (width 0.12))
    (fp_line (start -3.09 -3.17) (end -1.765 -3.17) (layer F.SilkS) (width 0.12))
    (fp_line (start -1.765 3.235) (end 1.765 3.235) (layer F.SilkS) (width 0.12))
    (fp_line (start -1.765 -3.235) (end 1.765 -3.235) (layer F.SilkS) (width 0.12))
    (fp_line (start 2.75 2.74) (end 1.705 2.74) (layer F.Fab) (width 0.1))
    (fp_line (start 2.75 2.34) (end 2.75 2.74) (layer F.Fab) (width 0.1))
    (fp_line (start 1.705 2.34) (end 2.75 2.34) (layer F.Fab) (width 0.1))
    (fp_line (start -2.75 2.74) (end -1.705 2.74) (layer F.Fab) (width 0.1))
    (fp_line (start -2.75 2.34) (end -2.75 2.74) (layer F.Fab) (width 0.1))
    (fp_line (start -1.705 2.34) (end -2.75 2.34) (layer F.Fab) (width 0.1))
    (fp_line (start 2.75 1.47) (end 1.705 1.47) (layer F.Fab) (width 0.1))
    (fp_line (start 2.75 1.07) (end 2.75 1.47) (layer F.Fab) (width 0.1))
    (fp_line (start 1.705 1.07) (end 2.75 1.07) (layer F.Fab) (width 0.1))
    (fp_line (start -2.75 1.47) (end -1.705 1.47) (layer F.Fab) (width 0.1))
    (fp_line (start -2.75 1.07) (end -2.75 1.47) (layer F.Fab) (width 0.1))
    (fp_line (start -1.705 1.07) (end -2.75 1.07) (layer F.Fab) (width 0.1))
    (fp_line (start 2.75 0.2) (end 1.705 0.2) (layer F.Fab) (width 0.1))
    (fp_line (start 2.75 -0.2) (end 2.75 0.2) (layer F.Fab) (width 0.1))
    (fp_line (start 1.705 -0.2) (end 2.75 -0.2) (layer F.Fab) (width 0.1))
    (fp_line (start -2.75 0.2) (end -1.705 0.2) (layer F.Fab) (width 0.1))
    (fp_line (start -2.75 -0.2) (end -2.75 0.2) (layer F.Fab) (width 0.1))
    (fp_line (start -1.705 -0.2) (end -2.75 -0.2) (layer F.Fab) (width 0.1))
    (fp_line (start 2.75 -1.07) (end 1.705 -1.07) (layer F.Fab) (width 0.1))
    (fp_line (start 2.75 -1.47) (end 2.75 -1.07) (layer F.Fab) (width 0.1))
    (fp_line (start 1.705 -1.47) (end 2.75 -1.47) (layer F.Fab) (width 0.1))
    (fp_line (start -2.75 -1.07) (end -1.705 -1.07) (layer F.Fab) (width 0.1))
    (fp_line (start -2.75 -1.47) (end -2.75 -1.07) (layer F.Fab) (width 0.1))
    (fp_line (start -1.705 -1.47) (end -2.75 -1.47) (layer F.Fab) (width 0.1))
    (fp_line (start 2.75 -2.34) (end 1.705 -2.34) (layer F.Fab) (width 0.1))
    (fp_line (start 2.75 -2.74) (end 2.75 -2.34) (layer F.Fab) (width 0.1))
    (fp_line (start 1.705 -2.74) (end 2.75 -2.74) (layer F.Fab) (width 0.1))
    (fp_line (start -2.75 -2.34) (end -1.705 -2.34) (layer F.Fab) (width 0.1))
    (fp_line (start -2.75 -2.74) (end -2.75 -2.34) (layer F.Fab) (width 0.1))
    (fp_line (start -1.705 -2.74) (end -2.75 -2.74) (layer F.Fab) (width 0.1))
    (fp_line (start 1.705 -3.175) (end 1.705 3.175) (layer F.Fab) (width 0.1))
    (fp_line (start -1.705 -2.74) (end -1.27 -3.175) (layer F.Fab) (width 0.1))
    (fp_line (start -1.705 3.175) (end -1.705 -2.74) (layer F.Fab) (width 0.1))
    (fp_line (start -1.27 -3.175) (end 1.705 -3.175) (layer F.Fab) (width 0.1))
    (fp_line (start 1.705 3.175) (end -1.705 3.175) (layer F.Fab) (width 0.1))
    (pad 10 smd rect (at 1.95 2.54 90) (size 2.4 0.74) (layers Top F.Paste F.Mask)
      (net 7 /RESET))
    (pad 9 smd rect (at -1.95 2.54 90) (size 2.4 0.74) (layers Top F.Paste F.Mask)
      (net 1 GND))
    (pad 8 smd rect (at 1.95 1.27 90) (size 2.4 0.74) (layers Top F.Paste F.Mask))
    (pad 7 smd rect (at -1.95 1.27 90) (size 2.4 0.74) (layers Top F.Paste F.Mask)
      (net 1 GND))
    (pad 6 smd rect (at 1.95 0 90) (size 2.4 0.74) (layers Top F.Paste F.Mask)
      (net 8 /SWO))
    (pad 5 smd rect (at -1.95 0 90) (size 2.4 0.74) (layers Top F.Paste F.Mask)
      (net 1 GND))
    (pad 4 smd rect (at 1.95 -1.27 90) (size 2.4 0.74) (layers Top F.Paste F.Mask)
      (net 6 /SWCLK))
    (pad 3 smd rect (at -1.95 -1.27 90) (size 2.4 0.74) (layers Top F.Paste F.Mask)
      (net 1 GND))
    (pad 2 smd rect (at 1.95 -2.54 90) (size 2.4 0.74) (layers Top F.Paste F.Mask)
      (net 5 /SWDIO))
    (pad 1 smd rect (at -1.95 -2.54 90) (size 2.4 0.74) (layers Top F.Paste F.Mask)
      (net 2 3.3V))
    (model ${KISYS3DMOD}/Connector_PinHeader_1.27mm.3dshapes/PinHeader_2x05_P1.27mm_Vertical_SMD.wrl
      (at (xyz 0 0 0))
      (scale (xyz 1 1 1))
      (rotate (xyz 0 0 0))
    )
  )

  (module "Adafruit nRF52 Bluefruit Feather rev G:SOLDERJUMPER_CLOSEDWIRE" (layer Top) (tedit 0) (tstamp 5C35354D)
    (at 197.3326 147.2946)
    (path /5C35574F)
    (fp_text reference SJ2 (at 1.55956 -2.41808) (layer F.SilkS)
      (effects (font (size 0.77216 0.77216) (thickness 0.146304)) (justify left bottom))
    )
    (fp_text value BAT (at -1.524 1.651) (layer F.Fab)
      (effects (font (size 0.38608 0.38608) (thickness 0.04064)) (justify left bottom))
    )
    (fp_line (start 1.397 1.016) (end -1.397 1.016) (layer F.SilkS) (width 0.2032))
    (fp_arc (start 1.397 -0.762) (end 1.397 -1.016) (angle 90) (layer F.SilkS) (width 0.2032))
    (fp_arc (start -1.397 -0.762) (end -1.651 -0.762) (angle 90) (layer F.SilkS) (width 0.2032))
    (fp_arc (start -1.397 0.762) (end -1.651 0.762) (angle -90) (layer F.SilkS) (width 0.2032))
    (fp_arc (start 1.397 0.762) (end 1.397 1.016) (angle -90) (layer F.SilkS) (width 0.2032))
    (fp_line (start 1.651 0.762) (end 1.651 -0.762) (layer F.SilkS) (width 0.2032))
    (fp_line (start -1.651 0.762) (end -1.651 -0.762) (layer F.SilkS) (width 0.2032))
    (fp_line (start -1.397 -1.016) (end 1.397 -1.016) (layer F.SilkS) (width 0.2032))
    (fp_line (start 1.016 0) (end 1.524 0) (layer F.Fab) (width 0.2032))
    (fp_line (start -1.016 0) (end -1.524 0) (layer F.Fab) (width 0.2032))
    (fp_arc (start -0.254 0) (end -0.254 0.127) (angle 180) (layer F.Fab) (width 1.27))
    (fp_arc (start 0.254 0) (end 0.254 -0.127) (angle 180) (layer F.Fab) (width 1.27))
    (fp_poly (pts (xy -1.27 -0.762) (xy 1.27 -0.762) (xy 1.27 0.762) (xy -1.27 0.762)) (layer F.Mask) (width 0))
    (pad 1 smd rect (at -0.762 0) (size 1.1684 1.6002) (layers Top F.Mask)
      (net 32 "Net-(C9-Pad1)") (solder_mask_margin 0.0508))
    (pad 2 smd rect (at 0.762 0) (size 1.1684 1.6002) (layers Top F.Mask)
      (net 7 /RESET) (solder_mask_margin 0.0508))
    (pad WIRE smd rect (at 0 0) (size 0.635 0.2032) (layers Top F.Mask)
      (solder_mask_margin 0.0508))
  )

  (module eBoard_remote_control:0603-NO (layer Top) (tedit 0) (tstamp 5C353429)
    (at 200.48728 145.161 270)
    (path /5C37E6BF)
    (fp_text reference R2 (at 3.8354 -0.37592 270) (layer F.SilkS)
      (effects (font (size 0.77216 0.77216) (thickness 0.138988)) (justify left bottom))
    )
    (fp_text value 10K (at 2.667 0.86868 270) (layer F.Fab)
      (effects (font (size 0.38608 0.38608) (thickness 0.038608)) (justify left bottom))
    )
    (fp_line (start 0 -0.4) (end 0 0.4) (layer F.SilkS) (width 0.3048))
    (fp_poly (pts (xy -0.1999 0.3) (xy 0.1999 0.3) (xy 0.1999 -0.3) (xy -0.1999 -0.3)) (layer F.Adhes) (width 0))
    (fp_poly (pts (xy 0.3302 0.4699) (xy 0.8303 0.4699) (xy 0.8303 -0.4801) (xy 0.3302 -0.4801)) (layer F.Fab) (width 0))
    (fp_poly (pts (xy -0.8382 0.4699) (xy -0.3381 0.4699) (xy -0.3381 -0.4801) (xy -0.8382 -0.4801)) (layer F.Fab) (width 0))
    (fp_line (start -0.356 0.419) (end 0.356 0.419) (layer F.Fab) (width 0.1016))
    (fp_line (start -0.356 -0.432) (end 0.356 -0.432) (layer F.Fab) (width 0.1016))
    (fp_line (start -1.473 0.729) (end -1.473 -0.729) (layer Dwgs.User) (width 0.0508))
    (fp_line (start 1.473 0.729) (end -1.473 0.729) (layer Dwgs.User) (width 0.0508))
    (fp_line (start 1.473 -0.729) (end 1.473 0.729) (layer Dwgs.User) (width 0.0508))
    (fp_line (start -1.473 -0.729) (end 1.473 -0.729) (layer Dwgs.User) (width 0.0508))
    (pad 2 smd rect (at 0.85 0 270) (size 1.075 1) (layers Top F.Paste F.Mask)
      (net 7 /RESET) (solder_mask_margin 0.0508))
    (pad 1 smd rect (at -0.85 0 270) (size 1.075 1) (layers Top F.Paste F.Mask)
      (net 2 3.3V) (solder_mask_margin 0.0508))
  )

  (module "Adafruit nRF52 Bluefruit Feather rev G:SOD-323" (layer Top) (tedit 0) (tstamp 5C35337F)
    (at 202.26528 145.20672 270)
    (descr "<b>SOD323</b> (2.5x1.2mm)")
    (path /5C355C1A)
    (fp_text reference D4 (at 2.62128 0.23368 90) (layer F.SilkS)
      (effects (font (size 0.77216 0.77216) (thickness 0.138988)) (justify right top))
    )
    (fp_text value 1n4148 (at 1.91008 -1.16332 90) (layer F.Fab)
